32245 32246
1675 6836
55 63
70502 70503
44822 55
193 52
51002 195 733
44825 1218 173
97667 97668
1029
57234 444
51014
1 954 51015
38609 389
19517 19518 19519
51023 55
44848 13940
63824 55
49
97682
57252
97693
64 50
70541
17894
32283 55
25898
5624 32289
1657 76877
203
6882
63854
50 52
83851
90668
1 2 3 83856 55
193
729
13223
19567 55
19570
4533
64 50 63
83868
169
1422
90686
76907
97733
76909
2 3 180 181
182
25936 77
185 186
13257
1194
18 63903
25947 55
611 52
56 38688 55
72 195 83904
185 55 63
38 13271
25954
70604
97762
64 240
44936
6939 6940 55
32356
51112 55
63923 77
32357
49 69
63926 55
63927
104
1796 13285
70626
163 63
1121 173 2261 44954 219
97775
1 2 3 70631 954
120 79
326 774 145 44951 44952 44953
1 57366
97783
250 15
63947
25988
76963
63953 55
42 260 261
55
25990 55
13311
51154
63963
21
97808
50
70658 405 55
1 63971
44984
76984
6995 55
610 52
83972 55
32407
97820
44996
5428 51182
90787
5355 27 63
729 77002
97837 97838
50 52
145 19 209
19
84002 83980
193 50 611
13352
51198
63997
1 2 38781
97858 9343
57423
51204 55
51209 55
353 354 1 191
32446 55
19712 55
1408 18 45026
1449 7044
5721 1274 275 14406
64028
1 3
50
173
97888 97889 97890 97891 97887
13388
26076 55
63
4112 50 32468
19734
19735 55
38821
104 18 611
1 32475
28 62
70745
32478
81 9635 51246 51247
50 52 62
1 97916
97917
77066
42 97918
19754
1 3 7078
104 57479
51261 51262
70759 55
440 439
49 2626 55
18 64076
77078
185 57484 55
70765 55
2403 3971 57486
123 243 63
70767 55
77086
456 63
73827 195 73828 73829 73830 73831 6771 55 954
15642
336 51
77094
64093
1 50 84119
32509 173 55
84120 291
153 21
64 50 52 63
84121
64099
18 84126
18 70788 70789 654
49 50
26142
51293 51294 1703
586
1994
64112 1 19 55
32527 55
32528 55
7111
64116 55
19808 173 19807
490
32533
77120
161 90935
77128 35 77127
38901
84150
1350
49
51320 51
45130 55
32548 55
98002 3
51322 55
389 32550 14508 22131 244 159
32552 1845
9 64142 374 238
7136 7135
77146 77147
321 153 7147
70831 55
49 50
19
7152
1234 45150
120 70840 71
11338 90981 90982
7165 83 173
29397 51350
70848 954
185 57565 55
610 5014
77177
153 199 21 567
55 63
98036
185 45166
13562
1 3 57573
19885
104 777
63
425 244 32601 32602 1085
51370
91021
98049
8644 13574
98052
57584 57583
7196
45186 55
185 84231 1633
7201 18
2 3 84239
153
77209
185 55
52 63
7210 19 79
19921 55
51398
57602
13603 55
21
648
326 19 2126
195 733 45207
8321 98083
19 199
39000 55
1 2 32649 79
98088
35 64227 64228 200 4395 1689 91
64 217 69 63
70914
45218 55
45219 3349
63
39012 55 63
210 50 52 62 446
64238 64239
336 70925
55 199
1961 39020 5709 336 87 88 89
64 388 326
64 3330
27
19968
32666 55
45242 22540
45244 55
200 57647
104 173
777 203 3149
52 62 63
1183
51456 51 2910
92
3887
13653
10169 28 91121 31198
70964
64276
321 50
51466
45265 115
77304 16305
26322 55
1 2 19989
19990
737
51
207 79
51477 55
91135
91137
64295
18 485 32710 32711
20003 1150 55
185 91146
7296 3949 7295
27
70992
115 55
45280
512 57450 57703
1 3 70996
77336 77335 53 207
776 777 778 51
49
729 45298
26354 55
786
49
32743
32744 63 55
195 13716 733
18 84373
64322
537 51539
32751
77368
77367
64 7324
51 18 35 1506
77374
7327 1121 173 191
57739
3390
50
98226
91207
20063
50 52
57758
45336
27 63
13747 55
57762
852
91229 67479
98262 93951
7588
63
64 153 18 51584
32796
64362 51
864 865
19 127
51592
180 13765 13766
45356 45357
50 52 63
49 50
51596 55
71071
64 27 69 62
71076 1062
19490
1 3 7373
98282
39161 55
84452
52 446 62 63
64392
20108 55
891
4533
1408 10223 18 98293 98294 98295
894
77444
64 336 62 63
63
26462
3656 98315
217 49
50
134 64423
51632 193
50 27 52 55
3 3275 270 207 21 22 153
928
91300 814
51643 4957
64 210 123 932
394 7419
50 52 63
9330
185 7423 173 55
63
7424 55
392 19 271
45420 55
63
948
19 20150 199
51 1542
64 50 63
20153 415
3 69 242 55 39227 63
32870
57855 55
84522
49
63
64465
8 563
4533 366
20176 20175 55
45441 45442
71158
84537
280 49 55
57868
20181
39248 39249 39250 244
57871
91348
39260 55
104
153 21 1079
52
1 13859 3 15 1884
57884
32906 55
51698 55
98393
26252 26542 127
39284
98400
62
84579 7149
1 3 77547
1194
3 1022
737 1244 22575
51726
71208 69410 71206 71207
13893
50 52 62
20240
98436
1633 71218 71217
18 22
84619 790
50 610
173
51
51 4059 57933
64547
26582
84628
1058
51753 19 405 55
51755
71231
611 444 45524
7500
1363
51
26602 26603
45537 55
98473
1 2 3 39351
98476 191
98478
28 62
1363
1994 63
77621
200 28 7517
91473
39363 63 55
77 20310
45555 405
1616 17745 84662
336
91479
71263 55
3 13957
1229
7525
26638 19743
32992 55
52 63
64 13961 52 13199
32996
77649
1968 45571
13966
77655 55
84682
18 77658
13974 55
71281
1145
64622
98526
33006
58020
98531
200 63
28 62
2315 45596
39412
64 2081 210 240
64649 74
50 35 52 63
77704 55
26691
7585 55
58041 405 55
39425 55
280 33036 63 55
4505 20383
1 3 98556
77714
1187
35575
26702 55
84728 84727
98565 55
45623
1484 52 63
39439
33050
7612 567
173
200 14033
532 33052
1198
538 64679
2944 91567
26715
50 52
64690
1 51879
84752 207
64705
26743
20425
58090
64710
49
98606
954 84775
51904 1 3 51903
14067
91606
77784 77783 53 207
98625 3
800 77789 173
26765
33106
77793
104 3392 64742
1266 1267 1268
8742 1194 210 52 1914 62 63
26778
20466 55
21
26783
21 199
104
1 64758
63
77816
20476
21
45709
33131
77 45710 45711
7677 55
98672 2346 55
299 14125
39545
1291 115 1086
84824 84796 38
1 3 389 77838 77839 77840
33144
2 3 84837
98688
2121 77850 2967
55
39565
84846
71411
33161
98694
56 14146
244 7703
98696 98697 8523 10717
58172
84858 84859
33175
26824
84866
45753 340
91706
64800 1
63
312 7712 7711 415
26836
64815 55
49
1 2 64818
52025 15797 405 55
49 50
84895
7724 7725 7726
312 55 22575
56164 3349
77918
7610 26869
91748
52 63
336
1389
39633 394 18 173
1398
20577 63 55
26883
98776 1 98777 55
33239 55
52064 55
35 2206 20583
2137 2419 77956 405
27
50 62
291
98790
77961
52072
1 3 1412 1413
37816 45821 45822 45823
52 63
64874
1350 173 1422 1423
84952
26907 55
12936 953 98806
22329
51
64882 64883
26913 55
1437 1438 303
26920 191
5362
14248 14249 14250 14251 14252 14253 14254 14255 14256 14257 14258 3455
52 62 63
7792
64899 64900
1445
35
56 1447 55
104 98821
563
52
98831
20632
51 52116 52117 52118
37686
26947 26948
50
200 26953 26952
35 55 63
14288
39700
33297
20648 1465
63
14293 55
14294
27 52
64941
98859
195 20662 1435 733 63
26975
217 1994 185 63
35 33316
14309
39724 3701 63
56 35 45904
78050
51
56 1516
1519 451 1518 191
45912
425 58334
20680 7802
50 28
85043
20682
1 2 3 20686 55
729 5428 85053
153 275 285
78079
91885 55
85061
49 50
20695 52 55
14339 14340
52185 55
20701
39754
65000
39757 10061 1703
65004
85078 55
64 396 91903
14355
7909 55
20713
144 173
49 1570 55
58384
1576 954 3 55
1577 92
85099 55
50 52 62
185 33390 55
153 18 199
64 241 242 240
45971
63
115 78135
14381
3 33398 55
5355 19 69 63
27065
85121 109
7956 55
64 19 52 62 63
20753 55
389 98975
45980 55
4112 50
27079 27078 6999
94488 94489 94487
50
52261
14401 321
71673 71674 71675
27089
291 99007
50 173 446
99012 55
7985 578 7986
50
52273
388
312 19
71682 71683
35 173 7990 55 56
64 69 998 210 50 62
50
85168 77
91990
58448
58456 532
50 52 63
312 99024
5548 53 359
33447 55
611 7996 173
85170
1994 798 63
27
280 92003
99040 1
336 1350 991
20807
65129
1 3 58489
33474
8024
58493 55
27149
85216
64 2452 52 62 63
280 49
512 65137 65138
1162
92041
92042
92043 55
1686 415
39867
312 20823
49 55
46052
99071 6999
11581 33494
336 57298 99075
104
33497
14467 14468
5584
92054
99080
312 19 33500
191 8050 55
42177 65161 35 14869
50
85248 85249 85250 85251 85252 85253 3430 85254 532 191
78264
326
185 1179 63 55
99094
19 65170 611 79
52361 195 733
20864
21 22 199
5572 4853 5870
173
52370 55
20868
85276
85277
611 46085 115 173
14504 55
611 203
4395 20877 55
71788
49
145 19 1740 550
185 33546 326 55
104
1 3 78309 78310
21
49
326 199 18 27220 21 153
78320 476
8098
27227 27228
312 19 1756
14532 336 55 56 63
200 1760
46119
28
14538 55
46121
24 46122 7149
46123
58570 58571
58573 55
92135
49 50
50 28 62
27 62 63
71828
7130 65245
425 580 173 52438
1800 1801 1802 1803 62
49 173
85358
336 92161
71840
52456 1 52455 55
27254 55
99186
13799 207 65269 53 53695
55 63
19
8159
193 210 50
58606 55
64 63
27260
92178 92179 92180
92184
20964
78377 1218
2475 28 62
40003 405
604 21
92188
65284
46185
99214
20974
8184
63
58629
51
20984 389 20983
99233
1868
1 3
52 63
50
20993
49 69 62
2475 62
50
18
1408 92225 18
90722 99259 55
27315
56 312 40042
92235
92237
217 63
19 199
5149
8 3086 58671
85458 55
78441 180
92242
71905
49
3728 27332 27333 27334
8234 5149
19 27335
50 1914
65347 65348 65349 65350
40066 55
336 8241 39
78457 1506
1923
1934
55 40078 40079
8248
14672
85490
49
58715
33715
50 52 998
46256 5428 53
21067
2476 40110
21071
40112 40113 1964 7245
347 51
55 63
49
56 1973 55
27382 478
40119
21078 21079
1975
78500 55
280 49
52597 55
99361
49
332 14709
144 46273 263
64 240 611 62
563
62
51 45 1350
92311
71979
8293 55
42 19 14730
14734 55
49 50
3803 46293
71987
50 52
35 21115 173
58769 58770 3 55
14743
14744 394 55
65437
4247
1 58778 3 58779
16305
71997
62 52 2006 63
64 241 52 62
85566
640 52633 2 3
104 27431
78541 78542 311
52 63
21136 21127
52639 2 55
46315 55
161 781 8326
85581
78548
85582
58794 50 62
280 52 63
21142
27459 58805 58806
18 173 27447
65459
199 55
28
21144 21145 21146 4365
3 394 2 52658
217 50 52 63
92376 92377
92378 207
64 2573 50 62 78559
27461
56 18 104 14774
85599
49 173
563
92388
2039
72034
105 35 405 63
336
2048
85615
85616 85617
14797
1203 21175
78594
19
40218 40219 63 55
49
65508
85630
52704 55
33840
46378
33843
2090
64 69
6386 85637
99495
14817
52714 55
33849
63
91 611
512 85647
72075
389
33860
65534
35 998 72082 55 56 185
7941 46398
85657
78640
91 63 55
2118 2119
2120 1961 336 87 88 89
8423
517 27533 55 1016 56
46410
14855
2125
55
72097 6843
92462
65556
35 1194 52 6936 63
33878 55
21227 476
8439 55
63
64 602 1327
72116
1 2 3 65565
6376 8794 72118 134
42 359
50 27
78674
33893
1 3 99550
2147
120 19 14886 71
52 55 63
21
737 21252 21253 21254 16167 37 21255 364 461 976 19 4691 3061 2615 4792 25 1244 573
21
56 65599
275 284
50 28 40306
58943
78704
217 52 63
8488 55
1218 99586
18 78710
21
2475 28 62
92531
65620
52805 542
21
153
46467 3349 55
405 2183
64 49 55
92540 55
8504
21286
51
72178
58975 55
78736 18
512 52829 52830
78740 78739 47524
640 62
50 1343
19
78744
78746
58982
104 21311
78747
50 62
21314 55
99631 55
46497
200 14945
46499 46500
312 40354
50
62
49
3321 99642 99643
65690 55
1218 72212 578
8555 55
2248
14967
179
63 99671 55
34003
104 51 65708
59029 55
52876
52878
8573 55
2270
14978
2274
21353
85830
2280
52889 18
64 326 602 62
1 2 40393 19 55
27662 55
63
3728 85850
392 59055
2299
3 21381 200 425 180 10300
72258
92645
5870
99716
52916
8606
72265 55
27680 1 2 3 55
19
280 49 50
6258 195 52924
185 63 99725 55
2081
99728
1893
185 99730 55
92666
78834
104 34057 19
153 19 326
1 2 3 46565
63
27699
34061
92673
63
21413
9 19 604 53
27
49 7295
18 15043 53
21415
23464 40446
59117
21428
50 52
92708
2356
280 63
50 123 52 62
2360 2361 2362
22794
51 40463
49 50
35 85929 2162 55 14396
1905 2700 326
34099
63
46602
5624 23058
40465 18 3 55
52 63
52 63
78898 55
21454 55
27745 954
85946
10 40484
2392 756 2390 2391
92746
1852 53 102
72354
1 2 3 46628 46627 46629
153
65850 55
72358 55
78919 55
50 62 394
3061
53016 1
52 55 602 123 63
72375 18 63
72376 72377 72378 72379
65873 55
27
2403 2404 263
56 2346 40511 55
56 50 46643 55
1194 1994 50 63
8721 55
21
72391 53 6999
18 85989
99854
27781
2620 21509
195 40528 40529 24 733
280 65899 55
5870
99869
280 185 55 63
27790 55
1121 35 34160 55 56
50 52
34162
53929 1218 1172 72417
1 3 99875
8213
92808
99890
2081
40553
65918 55
46675
86017 532
27817 55
99899
62
10292
52 63
104 336 5192 72440
65929 65930 19 326
34188 55
21553
8784
1 2 3 65932 65933 65934
10292
1408 27830 27831
5218
8790 1703
185 35 1157 63
8792
49
2460
79028
50 62
185 99924 55
18 59269
27838
34200
65952 65953 65954 65955 65956 65957 65958 65959 65960 65961 65962 65963 532
99931 1727
79039 55
86059
59278
40604 40605
2488 244 2487
40606
2489
63
53124
34222
1194
99956
1363
63
50
2493
18
92886
79073 219
56 19 46725 55
23090
59301
21816 21818 21819
72500
72499
40630 40631 40632 1468 444
53151 55
86096
153
425 99983
79094
66028
50 52
34258 954
64 217 50 326
6376 18 15246 270
66033
243
10292
8887 55
100002
50 52
512 100006
2538
8897 8898
336 17276
10292
59350
21
31344
50 52
46779 46780
50 52 62 63
53192
1143
146 21684
34303
59378 260 1623
446 40695
49 3701 55
40706 55
50 52
92985 92986
1506 8941
92988 55
64 50
1 2 3 191 53215
66115 532 66116
40717
2595 2596
52 63
34336 195 72 270 5213 34334 34335
104 21719
79224 79225 55
19
40739 24180
66135
50
27989 27990
93017 93018
53239
40744 55
59430
93024 1 3
40754
40756 71
27 28
34358
46839
28010 3942
2462
56 72626 55
563
79258 79259
8990
50 52 62
153 386
86234
79265 79266 79267 3455
50
275 21 2206
611 4812 13758
66186 11431
93056 714 722
34385
93062
46866
40788
15361 55
35
353 86257
200 15365
1 93075
46870
104
63
49
49 50
21782
79305
59484 1653
100170 331
93091
49
62 123 998
64 193 79
66224 66225 66223
291 100190 95127
27 62 191
34421
53334
53339
46912 46911
1 3 72701 72702
2 59523
52 62 63
86304
21
1 2 100219
28086
79343
21
27
53358
49 50 106 79
611
21 199
52 280 123 62 63
21835
35 63 55
18 28095
79350 79351
21838
611 66279
66280 326
51
103
2708
104 72731
46945
1 15445
18 15447
86329
153 19
79371 55
1 3 100259
51 66301
18 15462
66305 51
63
59562
52 63
3 40886
66313
34497 50
21857 55
610
28142
800 21 15477
1 2 3 79401 15
59588 55
15481 15482
109 798 210 50 52 62
40904 195
64 242
34520
53420
46991
1765
93216
64 50 79423
64 49 394 39
93222
2 100311
72773
28181
153 18 72775
63
49
50 62
15511
217 798 63
47016 7114
1465
49
144 6936
49 50
104
336
16099 100341
47033 55
28 62
66400
21925 55
210 50 52
62 49 50 210
100349
40957 434 7741 6535
199
34575
9188
79490 115
47048 396
19
9192
93282 65511
47050
59663
59665 55
4410 203 1420
40981
52 62
49
79505
93304 93303
9222
217 50
27 62
93317 93318
444 79525
93321
66445 66446
34625
185 55 63
6698
9236 9237
93330 93331
104
100413
53536
47090
52 55 63
72883
64 153 115 15611
59714 59715 59716 59717
53552 18
64
173
53
66472
59729
55
25344 28300
134 3949 41040 41041 41042
53562 53563
28302
2903 159
50 52
336 86500 3390 191
185 100450 55
17434 53570
1363
79594 55
15636
41068
56 4306 79608
79611 191
64 50
59769 1465
13098 15645
47139
72924
1172 59775
1 59778 3
120
18 93421
59785
59787
336 51 53598
50 52
29563
64 22049
9307 8284
1 2 19 47154
21
79633 3285 495
1121 37 66542 270
41100
63
93445
47167
63
64 611 240 241 210 50
50 52
41112
51
100514
6936 1194 22077
86581
388 50 27 28 62
199
18
185 41132 55
100527 55
27 55
217 52
86585
59843
59845
5149 1350
63
1379 41151
104
34760 1
35 3949 55 22102 22103 22104 22105
9744 60
1 2 3 66589
66588
49 193
93508
51
15719 5887
372 21 22
59868 55
389 66599
55 28398 63
93515
79695 55
1 59874
66610 191
153 19
104
49 153 19 326
195 47227
1016 729 47228 47229
185 15743 55
50 63
9389
42177 18 35 59901
28437
18 3554 19 604
79725
53705 389
64 2452
66649 35 55 280 185
52 63
63
15761 532
28448 28447
47244
63
28453
1893
953 50 9519 79
93571
22185 2610
3089
1350
93579 260
100626
59939 55
15791 63 55
63
49 50 1556 998
53732
1749
93589 93590 93591
28471
185 53746 1 55
79771
86693
27
27 52 62 798
42 22214
53754
73076 73077
104 73079
347 28494 28495
64 63
49 217
79795 55
66709
9474 83
19 79797 5359
50 52 62
9476 9477 9478 9479
28513
50
100687
1 2 3 199 50 21 59989
73095
100691 55
27
9184 49 55 53784 63
104 91 51 3149
86721
79821
86723
100705
22261
9506 55
86733 63 55
53805
21
392 153
63
34910
66751
3177 55
1218 41291
1 3 60018 60019 60020 55
50 92 63
66753
3179 19 207
8433 73125
100730
1 2 41300 55
22287
1 2 3 389 199 34922 15 55
52 63
15872
41311
86750 55
1 2 3 53834 53835 53836
64 242
9542
50
238
28580
53848 1
64 640 50 52 62
49 50
86761
9553 7844
18
22323
9557
260 9564
15906
32218
41346 55
173
73182
52 63
73184 7149 7150
106 53874
4659 5362 51
49 55
185 55
210 27 62 63
79905
145
425 60083
444 53878
51 1172
3577 73201
8321 28627
50 63
7211 25020
47424
53884
53889
79920
86807
15940 15941 15942 15943 15944 374
3257 55
18 34989
104
134 9599
18 173
15948 55
359
336 1350
41384 41383 1218 207
1 28653
153
19
49 50 326
73223
53900 47925
52 62 63
24655
100860 55
195 86837
53912 1727 115 2487
35018 195 733
79959
86847
66864
1120 240 64 41412
104 79970 79971 207
1363
3300 3301 3302
638
52 62
51 41419
1062 63
86867
63
93824 55
27
19
53934 55
16013
872
18
9670
35 16015
49 50
7010 63
47490 55
63
73266
35062
217 52 63
22444 77
47502
35 63
47504
27 1556
93855 55
6827 66908
60178
100933 100934
64 50 28
18 2836 53950
16032 16031
3001 9693 6535
3250 51 60182
28 62
50 55
28723 1 2 19
16041
66921 6827
953 9701 1
3372
444 41468
2610
35096 195 35095 63
9 18317 79 50 153 91
66930 6827
93881 3390
49 50 55
52 55 63
394 53987
86923
312 28747 311
28
512 41493
100990
80073
60232 55
35121 389
66968
60234
2370
3599
60242 55
2 69
60244
28770 55
22505 22506 532
21
101018
3428 3429
28775 159
66988
104 101024
80100
54041 55
66991
3443
1 2 73371 73370
64 50 62
275 702
93948
63
18 35 173
5870
54056 396
3 67013 67014 199 200 67015 67016 67017 67018 67019 67020 18 55
104
52
54063
18 275 73390
73392 73393 195 5557
54069
321 51
20811 860
1765
54072 55
2 199 24204 19 51 21 93975 93976
104 51 54074 19
93979
144 153 19 326
35184 173
53885
217
60306
67052
47619
35192
73418 55
41571
27 63
1 2 73423 73424 73425 55
5355 41573
49
240 2081 207
50 52 62 63
64
2944 94004
1 16172
153 3507
1 2 3 101103
280 281 47634
87039
80169
49
54102
512 9826
22574
35214
19
28864 11381
87054
80184
3868 1062
596
16202
35233
16203 244
19
9846 9847
12784
67094 103
353
6581 1638
28878 55
49
9868
16224
185 1506
80216 4542
80224
47685 53
94076
2 67119
60392 60393 4853
512 41664 532 41659 41660 41661 41662 41663
101163
312 80236 55
1 2 389 54173 54174 54175
3584
50
28 62
35280 55
9903
1765 41671
2840 28 62
49
3597 611 173
94099
9911 55
18 16255
73513 1062
9912 1 159
35 47709 55
512 101176
336 9916 9917 9918
52 63
94110
2547 73518
63
9409
28 62
87133 55
16264
3345 63 55
54193 55
1408 18 80275
94129 41523
50 52 62
280 49
18 3 21
54216 19 55
41697
3628 3629 3630
22688 22687
73544
54217 42 18
2475 28 62
64 210 50 63
35325 485
60461
9931 70 199
73559
28979 28980 173 55
63
280 63
326
50
50
80308
1363
80315 55
193 63
49
35358
73580 3942
425 3671
50
18811
610
185 101257
145 73594 10835 173
101260 55
87219 30062
3689 55
73599
63
1 3 73604 73605
200 50 19 3698 55 312
6376 87231
1553
1929 123 52
173
64 602 123
67225
1408 69 552 3701 3702 63
41760 41761 2610 2836 41759
66370
219 87238
50 62
87249 1653
87250 291
101288
51
87259
64 1749
203 73636
10009
47821 195 733
1905
41780 1703
67253
49
67257 191
50 55 998 63
50
50
21
52 62 63
41805
49791
8
173 101326 79
54312
16432 16433 16431
54314 173
45
16437
104 366
1812 22805
3949 41823
4395 101340
5337 67284
50 10060
73682
101346
54333 54334
50
63 55
51 44029
64 50 3762
41841 55
60595 55
10075 55
41842 41843
10076
47880 55
87334
3 242 2 101365
101367 55
200 22833
372 21 207
67310 3390
16470
73705
63
54354 195 733
22844 55
80461
3794
1218 87366
394 18 73719 79
49
3800 55
67333 5182
47908 71
173 29135 29136 433 53
18 173
67341
35500 55
3816
29145
87383
47923
80491
35509
18 94343
73747
38 41903
3833
10142 1420 173 1518
67370 67371
60656
54403
50
10148 55
50 101438
64 50
1194 50
87415
16522 55
104 49 50 998
47947 3100
932 1796 22893
578
35539
153
1 199 115 21 153
3 73780
94330 94380 94381
47955 5428 1150
35544 3
611 73789
29194 55
191
49 50 217
173
54427
185 94403
3
312 29200 35
3882
195 733 29207
2452 52 217 62 63
63
425 3884 1085
50 52 62
64
49 50
27
94424 115
80571 326
94426 91 94427 55
64 217
29224
94428
3349 63
50
173 49 55 62 191
444 173
80577 55
16573
16571
8489 54454
27
10208 1
1 67446
52
94430 55
2081 67449
35591
19
104
3912 359
6632 73854
94449 55
16601
27
602 123
1 19 48023
280 63
1 16612 16613 55
101543 159
54482
27 55
2144 3938
73887
1363
512 3053
73896 73897
800 48046
87536 798
35641
104
52 63
51 1893
35651 55
18 42029
60760 51 1150
23006
48065
280 185 80649 55
10273 195
67505
1136
29303 2 55
336 94491 38
16649
87564 55
29305 77
10286 10287
29307
94507
51
9848 321 10291
1121 2 3985 3986
3987
3 52 55 27 797 63
14400 18063 54516 55 185 63
50 52 62 63
729
51 6581
23049 55
21
19 67531
73946
87605 40919
54530
87606
14400 67534
35682
73951
29336
60809
60813 55
54544 54545 54543
49
4017
94550 55
67559
73974 55
50 3186 774 55
42082 42083
101634
4027
63
242
18977 101637
3 21 22 55
42094 55
8 73991
153
10360 55
48151
50 52
52 55 63
42113
54570
2 80734
1 3 23110 23111 23112 1904 55
200 10376
93975
1 3 80740 80739
18 42123
101674 159
16722
101676
461 153 18 21
101677 101678
29401
50
49
42139
101688 185 55
3 60875
23145
48195
74046
22988 42149 207
101692
173
48202 55
48204
64 69 74062
18 19
461 3 4116 21
48210
94643
610
54623
23170 200 52 55 63
54626
23172
4126 1 326 79
203
42179
10441
6857 42181
29453
80820 80821
185 35793 55
49
50 52
425 145 173 54638
1377 40765 44421
153 10454
10292
101728
185 74094 55
146 48247
48248
74100 74101
64
48254 55
60936 60937
23203
4156 79
48260
74110
74112 55
94697
67698
49
1 2 3 4178 55
10492 55
67709
80870
303
48278 21 22
5548
48280 321 48279
50 28 62
74130
173
954 48283
50 52
7146 611
8
80882 55
23238
48290
6714
280 49
737 87789
578 38734 67730
80894
23245 1435 733 195
512 80895 3455
80906
87802 798
48298
64 49 50
48300
777
87803
23261 55
9626 31476
586 179
48305 195 733
64 52 35887 55
52
49
50 52
64
16865 53
52 63
94777
16868
392 19 207
48322 954
21
104
94790 55
321
35 253
35922
55 63
67791 495
48351
23311 55
50
19
4267 4268
64 1 2 3 611 173 55 87865 87866 87867 87868 87869 87870 87871
185 10594 55
29597
21
61075
74218
461 173 21 207
87884
312 74220
3 54773
35958
74226
35 996 16934 173 16941 16942 312
94856 1
21
81012
21
94864 394 55
74246 55
48403
6268 35965
35969
21
74253
61123 60
50 62
12043 54797
23364
35979 35980 35981
104
103 8 9 173 4316 4317 4318 4319
35984
48420 326
4795 61135
67844
312 54801 954 311
48424 35
67849 38474 67850 35629
153
67852
81042
87939 375 5679
4340
23384 2 389
74279
29651 28
153 604 494 55
23390
4353
1506 51
4059
17002 17003 17004 17005 17006 55 56
50 52
3812 94924 396 3086 3061
29665 2 29666 29667 6699 55 280 185
10530 195 733 42359
23410 55
217 49
56 29673 63 55
43952 48471
512 94932
61181 55
1225
3 54846
21
1 10681
10682
23425
35 48479 55
48481
17025 17026
36049
54858 54859 54860
67896 31931
5870
61195 115
50 52
29701 55
94956 55
67905 24438 2830
36054 55
48498
36059
81111
36065 55
23452 173
64 62
74346 532
64 602
29726
4423 2155 49 55 185
312 954 54890 55
36076
36081 55
173 207
74357 55
42408 42409 42410
241 210 7492
74360 1 3
36091 55
35 54907
64 49 50
91 27
10733
49
48544 48545
29758 29759
74370
63
81152
74373
17090
5337 10739
21
88056
1 954 48555
42432
67967 55
81177 47933
52 55 63
640 50 62
29786 55
23496
19
120 17113
12614 63
104
4477
19 3061
347
336 611
50 52
42458 55
49 50 62 1095
51 5679
4492 55
1225 42462
74422 303
610
64 1749 62
5557
95073 10219
17146 55
17149
23537
81237 55
104 3571
4514 1 2 3
88119
61341
88129
115 81253
1 2 3 23556
2928
191 423 39 54987 270 144 159
7844 61357
95116
95117
18 4540
23568 55
17182 55
95122 25781
42510 42511
56 55
48636
50 27
64 50 92 55
210 50 62
18 35 48645
5557
8 42528 4815
50 52
36209
1287
81291
18 2205 23598
336 51
18 35 95150 1703
61381
10860
68090
81312 81310 81311
95157
68095 55
72 17206
4322 336 29908 29909 29910 55 56 29912 29911 63
36234 389
61392 1006
95167
88191 55
1 2 3 81333
64 62 191
61401
36239 36238 79 55
153
4595 4596
1 3 81340 81341
244 74524
17226
872 2462
9348 95175
10892
81346
910 3344 336 51 29563
68117
200 17238 55
200 36260
48696 48695
52
74544 1194
200 56 48706 55
68129 55
48708
36276
55052
173 159
50 52 63
1199 74555 3949 55
64 48713 35210
42587 19
61440 61441 61442 7892
4322 35 95236 55
74566
23667
74569 39
1 10945 3 55 1498
36301 55
200 88246
55067
29976 55
49
217 50 52
10960
4222
200 10961 55
61464 61465 61463
36315
74579
4665
50 52
18 17295
29993 55
654
74595
50 28 55086 55087
17302 191
55092
193
4685
64 50
4306 36340
74601 74602
1 81446
42635
64 50
81450
10988
30007 30008 30009 30010 30011 30012
61499
217 52 63
3701 10990
42647
312 2 36349
3723 47021 87
1218 81462
2 163 3803 62 74623
602 1327
81465
42653
4794 81467 81468
88301
11003
68219 68220
48817
49
95320
18
1 81486
88317 55
51
336 68240 1150
69
48833
275 23759
4724 580
23761 23762
49 50
11034 55
22540 68247
200 17356 17357 17358 17359
42687
36389 55
193
42688
48843 55
36406
48858 55
123
512 95354 95355
1 23782
104 48862
56 35 68267 55
35 74692 74691 74693 74694 200 50
185 195 42708 733
74699
42714 55
199 405 68278 55
56 19 28
81523
336 74709
17395
36426 36427
4755 4756 2245
17396 17397
30096 55
61583 55
52 28 62
4761 4762 53
61585 55
21 4766 53 270
476
19
35 23807
1435 733 195 36439
81545 260
185 88389 3949
104 17413
1 2 11084 79 19
55199
42743
55202 5437
30120
30125
64 1120 326 88399 50
50 52 62
55209
210 50 52 63
48906
55212
4788
55211 55
4533
27
7387 405 81574
153 21
1016
17440 17441
238 4799
1 95419 389
17444
18 4806
42773
321 461
49 62
49
64 1
17452
63
11130
17460
336 191 17462 55
179
64 1 2 4837 4838 4839 19 55 312
104 51
200 30178
145 19
88448
49 50
88454 88455
153 50
280 50 23882 55
21
104 13273 61658 61659 61660 61661 61662
193 3330
68376 185 55
50 52
5584
74818
4395
50 63
52 63
2475 28 62
50
11176
55280 1 3 55281
55282 55283 55284 55285 55286 55287
64 50 2475
191 11178 109 303
68390
52 62 63
4533
30216
95500
4875 4533
64 123
68397
49 50 217 62
331 11187
321 55302
5362
30234 55
36570 331
81676 15638
88518
42869
11193 55
8716
17524
68419 1349
11204
55
7225
64 50 123
56
81703
69283 2245 4647 74895 74896 74897
52 63
68432 173 68431
88548
30265
42907 173 39
88558
68448 39
8
95576 36884 95575
49042
49
17571 55
42913 173 207
7130 95580
42915 23
17576
81728 55
36611
217 610 52 63
30293 173
3 27 62
49058 55
55367
2700
18 173
36616 389
312 95601
195 55372
1553
19
36625
23996
14141 74942
1420
17610 19 55
1 9635 17612
17613 55
49081 55
81766 81767
30330
23
18 35 49084
18 19 36644
81769
68493 68494
2448 95625 87635 207
64 210 50 123
30344
1679
153 21
7941 180 42972 42973 42974
195 733 49095
56 55 63
74965
95643
42982
17644
17656 55
74987
63
50
1553
4432
64
185 68553 55
43013 191
36696 55
17745 55454
954 75005
161
68565 207
35 50 52 55 63
185 30386 63 55
49
5049 2843 53
75013 5359
1218
11352
63
64 50 43035
280 63 55
63
88686
49
18
1994 50
50
596
63
185 68587 55
49174
49175
51
611
2 3 5079
55497 291
27
11379
49190 4118
43064
27
61876
49 35 18063
68608 21254
62
326 8742 63
81900
17723 17724 17725 17726
36754 55
43074
104 49197
68613 55
88725
24105
88721
104
75053
30454
2 36755
242 52 50 62
30463
64 217 50 55516
55519
24119
49216
19 18 35 43088
280 55 18062 63
50 52
51
321 3891
50 52 62 63
11420 3701 63
81930 71
95779 55
10292
36787 36788 36789
5129 55
36794 55
2454
30490 55
15496
36802 219 36804 36803
55555
11436
64 52 62 63
200 17769 55
49
217 52 63
11448
50
68650
63
75112 75111
55571 55
88789
61966
95820 95821
104 51
64 1884 11469 63
81974 81975
1 2 3 5163 55
81978
75130
61983
68686 68687
153 19 159
24179
75135
17806 55
43158
173 2159 207
75140
95851
52 63
68704
11499 55
127
50
610 50
11505
2315 24196 733
532 82005 82004
43176 9343
49306
88837
49
5209 55
30567 55
173
10292
50
62019 62020
51
56
11810 62022
30583 55
55631 55
81 62026
49327 55
36889 5158
82038
1408 35 24222
75187 63
19 3
1994
17867 55
389 95909
52 63
5252
17879 55
36906
52
1553
388 774 6765 95923 52 405 63 1343
173
1 3 62051
5273 55
68768 35
18 82068 134
21
393
144 386 21 2245
49368
461 253
173 207 145 55669 55670 55671
8 19
27
291 95957
49379 55
75225 6999
19
30647
2452 52 28 62
1 2 3 49382
36937
55686 55
95966
49
5297 55
24289
50 159
11616 11617 976 18 11614 11615
30665
11620
30673
55710
30677 55
30678
17935
88955
82118
1 50 797 24311
1029
55721
62106
82126
18827 51478
30696 1086
36984 36983
336 17953 17954 191
3969 3970
1 75279 405 312 954
82143
88973
62 798
185 35 55 63
485 199 18 19 53 153
37006 37007 37008 37009 185
43306 1556
1120 193 52 217 63
55 63
312 5372
50 52 62
1363
17970 55
824 173 207
82159
70074 96045
89002 58795 89004 89003 89005 39734
63
2 55
200 21826 83 37021
4712 5385
24361 347
153 30746
89025 18 89026 1703
52 62 63
485 364 89038 18 19 53 567 153
50 30771 28
24394
18032
24396
30775
173 49 50 19 55 280 17340 62
611 123
82213
43366
21
50
18 43374
49520
79
30793 11614
11744 1 3
55808 55 63
18064
89071
49
50 243
62 63
321 50
81 291 62222
1518 52 62 63
62221 30062
63 5455 55
433 24436 11581
18 21
96128
63 55
280 5460 63 55
30824 1435 733
1 2 82252 82253
1 69003
30827 733
89090 55
70 199 1518 209 275 21 567
11778
62244
1362
24448
69011 69012 63 55
35
798 89103
4192 43424
4410 611
96142
82277
69038 311
5497
63
82298 55
24480 60
41 42 5502
63
18117
36757
89139 4595 596 89140
199 275 19 21 371 153 43453
49 55
62292 55
20643 82316
69064 18 3 55
1893
63
207 18131 191
49620
1 96194
49
191
217 52 63
50 62
24512 180
55891 180
20126 20127
50
96210 55
217 52 63
2 18162
1465 275 5534
55901 1086 55
75463
50
6376 24533 134
37199
1 2 19 43511
512 82370 20643
49
51 517
18187 321 91
43533
17347
89203
91 173
69122 19525
30947 55
51 55
11901
50
30952 55
3 49693
49695
512 75508 75509
82408 542
69136 1 3 69135
37252
18220
153
1435 733 30967
11913 55
1363
49709
62411
1121 35 174 5614 4208 668
1553
49
55978 55
52 55 63
24600 4691 24599
96304
62421
11929 55
43588 109
1
494 63
27
96314
49
64 668 62
24619 303
82451
104 24620
89274 798
4208 35 11950 11951
3 21
89281
49750
96342
120 19 5206
50 326
75566
69194
96348 55
50 96349 173 55
104 40074
43623
1845 82478
96355
50 388 79
37322
18287 55
1350 62462 1150
62461
31027 55
173
144 253 37328
31034
31041 1379
62478
82504 5355 55
18 275 11991
82506 82507
31044
51 18 35 69234
43646 55
1 2 1675 5681 55 63
1553
56033
49
144 347 173
82518
96385
512 96387 96388
27
37344
49804 55
56042 63 55
43661 55
611 2700 203
159 89331 336 1183
50 19 62
49824
18 253
52
173 12023
56057
18 21 24682
63
96416 49 185 55
12028 55
56066 3
5706 55
81 62523
31090
91 96431
21
64 50
96439
75644 22540
22540 75645
17 173 56654 62535
191 52 63
1229 173
2 19 96445 55
2836 5726
19 271
24709 55
1225 18359
64 50
729 1143
89381 159
50
37394 55
55 63
75664 55
27
5740 173
4676 75669
18374
62 63
11069
21
18378
10292
64 69
64 50
24735
280 185 56131 55
41 42 18391
43735
12109 55
49 55
62599
82608 1703
96508
56151
43746
96512
1 2 69353 69354
75721 517 53
75722 1893
27
10 49925
63
104
5812
8 106 336 24779
4306 49940
49943
89471
89474 15799
49 50
2081
18456
24803
185 75757 55
153 24804
19 2083 551
49
63
49974
392 363
50 52 62
517
18 5844 2974 1703
260 485 89527
69434 159
12202
18 56231
75780
12205
43833
2 62727
18501
64 217
185 63 55
96626 3430
199
1242
2944 69458
64 210
425 24855
512 1 50 2285
18523 18524
69469
200 63 55
52 63
3202 723 43862 43863
18 62764
49 50
50 63
50 1343
12243 1435 733 195
18
51
82748
18536
3 173
954 37590
56273
96659
195 733 56278
50
15917 62
18545 16061
18 62780
217
104 20735
28 62
37600 55
52 63
979 5924 5925
200 12262
75835
1 389 31311
9 89601
56294
19 567
50 52 62
64 153 52
1136 5933
18561 405 199
326 63
18569
1234 56303
50
62807
12282
102 104 203 605 43902
55
50067 207
5684
75852 55
173
96696 291
1 2 19 50073
69526
56313 56310
50072
52
64 210 52
50078 55
19
69539
3
52 998 62 63
52 62 63
185 56331
96723 55
69549
96725 55
50099
75880
1 3 15 18610 18611 18612
31361 31362
37672 1813
75888
69570
82841
50 2475 62
24952 63 55
62882
37685 37686
62885 30062
19 2620 37693 14302
12354 77
63 55
18645
18 3
5000 43978
75935
209 19 2974 567
52 55 280 62 63
173
1355 180 44005 44004
35 69 200 5355 18063 56402 3349 55
50165
18674 389
153 53 21
69634 91
611 50171 1143
31420 31421
56416 56417 39 336 5428 4698
19
62945 35 18 19 284
6060 55
185 44017 55
96808 96809 51
153 21 998 199
62952
44024 44025
50 62
240 2454
18698 28 2285
25022 55
1194 52 2125 62
12422
1
62964 55
12427
5365
12428 55
217 52 63
31445 31446
19
37773 37774
30305 31451
18719
640
44047 55
52
1 12437
25042 159
56452
44050
62984 55
25046 55
96841 96842
96840
18
82941
50 27 52 62
56 82944 8595
494
50 62 63
64 50 207
64
50
50216 24326
56468
336 18 275 62998
217 52
63000 55
31482 55
50 52
69706
69707 596
63010 3 55
11085 89783
63 55
49
89786
37821
56483 2412
64 1749 62
96881
50
76030
25081
82984
1 69729 389 69730
37835
16932 3693 82990
5603
820 31516 18870
37839
953 8321 291 31517
96898 96899 96900 96901 2620
18 51
96897 1727
63040 1 3 63041
56 6164 55
56508 55
15585 37854
217 52 63
69748 55
53
63
63
640
83021
76062
6190 55
27 797
56546
31551
56550
50286
12512
104 51
69780
512 83040 3455
25129 6679
25132 38
63
193 242 2081
159 63083 55
96939 55
104 63089
63091
21
64 62
50308 55
56577
50311
199 275 19 567 153
50 123 62
49
96958
1644
5880 18 89875
729
25164 55
50328
25168
312 954 50333
217 52 63
50
2 284 44178
353 12557
37931 291
69831
44185
52 63
89891 18 19 55 56
1 2 3 55 25182
50
63130 7149
153 396
25185
44191
50347 366
96993
185 35 25190
83094 55
41 6260
25198
44205
50362
83103
76154 291
37963
64 2 3 50
76161
97017
2081 63
2 3 6275
1 63171
89940 798
6279
50387 55
97031
63179 55
12607
1 37981 37982 55
50400 50401 50402 50403 50404 50398 50399
52
25250
89960
1845 494
56665
19 22516
56664 18273 35 55
69893
336 83133 83134
18920
49 50 217 2529
18922 2362
18 97053
62 50 798
69898 555
18927
159 50 55
512 83141
6310 263
89984 798
1 3 69910 55
353 76214
56 35 44261 55
69 63
2726
83168 18 51
38029 55
97083
25303
217
2 3 6347 6348 55 63 191
25309
18824 79
63253 29951
18976 18972 18973 18974 18975
326
1150
49 50
563
63261
18 199
3577 76250
19 207
50 27
50480 50481 3455
326
18995
44312 55
44313
280 281 12678
50 52
83208
207
50
63276 63 55
1852 97118 97119
52 9974 63
27 52 63
312 954 83212
64 50 123 62
50506
69998 55
336 312 97132 191
90076
6380
83228 405
6384
18 97140
62 63
76304
62
63305 55
312 44345 954
63310 55
76309
50 52
56771 55
104 90099 1172 173
28090
3 19 56775
1 2 3 83255
5278 87
44365 3086
76334 76335
49 50
18 97172
12729 8794 134
104
5428 1350
25400
1 90121
8 62
44374
52 63
10 97182
76357 3086
326
97185
38145 38146
52 63
97192
63
18 35 63356
53 173
50
90144 954 90143
507 44404 173
27
90154
64 69 63
70088
1657 1658
185 50589 55
153 18 173
610
83311 83312 83313 563 46488
28 62
1150
76400
5870
6470
776
25454
63392 1 3
610
800
70109
2 70107
6485
64 52 63
44448 1 2
6491 6492
36905
97256
62
1 50622 55
6498 6499
90204
4533
532 31893 31894
5603 203
203 1420 191
104
97266
200 25482 55
52 63
63423 55
38222
64 210 50
4395
210 52 62
83377
173
8
153 38234 209
12834
44482 44483
83389
5584 203
153 90247
18 44494
1 50 15
70166
729 50673
12859
70170 389 405
336 17745 56921 478
50683 50684 50685 50686
44517 63 55
1363
336 76501
64 50 62 798
976 56933 56934 207
563
76503
83423
19224 19223
38290 55
512 56937 56938
97318 7149 7150 10420 8982
97316 55
50
1 3 90286
63499
976 70204
70205
2 596 97333
312 10835 35 56949
72 19240 733
76523
79 209 18 19 50714
19249
56957
104
25570 3949 174
90320
50 52
90327
200 83454
6595
90334
44579
63
19269
25600
312 185 954 12940
44592
83477 55
83479
6611
1408 25605
32014
25910
50 207
353 25610
50
50 63
63
104
3629
1 2 44613 69 153
2928 83497
21
774 6639
193 217
976 32037
18 19310 1703
29833 38375
104
21 22
97426
63585
57042
57043
50
544 76617 76611
97434
173
12986 18
6669
173
49
336 76632 191
57057 55
1616 76633 76634 76635 76636
57060
357 63
321 778 51 207
2205 2878
90418 4919
63
13000 12999
19341 19342
13008 13007
321 63622
1 2 3 76652
50829 55
50828 366
21 270
63629 55
38434
1961 3125
326
18 173 567
97481 311
954 50846
291 19 115 32088 2137 1727
90458 7149
19
23
32096
57100
602 1327
52 62
38463 55
4512 13049 13050 13051
70371
83621
52 63
6728 6716
32118
38472 134
90482 115
44702
6573
97529
336 50897
1540 25733 199 2547 372 22
39006
13074
97551
97549 97550
13077
32146
50
32149
57143
90510
50 52
19421 19420 173 207
13082 51
83672 42939 6581 83671
83673 55
6754
64 638
1150
76741
6758
312 83679 311
50 52 62
195 19428 19427
69
44740
63
97576
13105
27 52 797
6776 6775
27
193 63
38531 55
63
83704 55
76775
507 38540
63740
25801
1408 70447
38545 38546
200 32205
425 63749
83726 55
51 70461
63754
1 3 76795 15
50969
25828
44785
280 38561 55
44788 44789
38562 38563
19 50974
97627
21
50 52
200 1 180 13152
19486 55
25845 389
6803
28 62
25848 55
38583 55
