1
1
1 3 14 15 16 17 18 19 20 21 22 23 24 25 26 27 28 29 30 31 32 33 34 35 36 37 38 39 40 41 42 43 44 45 46 47 48 49 50 51 52 53 54 55 56 57 58 59 60 61 62 63 64 65 66 67 68 69 70 71 72 73 74 75 76 77 78 79 80 81 82 83 84 85 86 87 88 89 90 91 92 93 94 95 96 97 98 99 100 101 102 105 106 107 108 109 110 111 112 113 114 115 116 117 118 119 120 121 122 124
1 267 126
1
1 153 154
1
457 3 460
32 11
32 11
14
137 132 61 133
128 61 127
61 149
64 123
512 513 514 515 516 517 518 519 136 520 521 522 523 524 525 526 527 64 478 511
64 512 66 513 514 515 516 518 520 521 522 523 524 525 206 526 527 511
143 75 142 127
187 188 93
104 103
125
128 129 140 158 159 163 164 168 170 171 172 173 178 181 182 185 186 189 190 192 195 196 197 198 199 200 201 208 209 210 211 216 217 219 220 221 222 223 224 225 226 227 228 229 235 238 239 240 241 242 243 244 245 247 248 251 252 253 254 255 256 257 263 265 270 271 275 276 277 278 279 281 283 285 286 287 288 289 301 302 303 304 305 307 308 309 314 324 325 326 327 328 332 333 334 336 337 338 346 352 356 357 358 359 360 361 362 364 365 370 371 372 377 378 380 381 383 385 389 390 391 403 404 405 411 412 413 414 418 419 420 421 426 427 428 429 430 439 440 441 442 443 444 445 446 447 448 449 450 451 452 453 454 455 456 463 464 465 469 470 480 481 482 483 484 485 489 490 491 494 496 497 498 499 502 503 504 505 508 509 510
129
130 131
134 135
136
136 401 402
136
136
136
136 431
138 139
141
144
145
168 146 147
148
218 150
151
152
155 156
157
158
160 161 162 165 166 167 169 174 175 176 177 191
179 180
183
184
193 194
202
203 204 205
472 203
206
207
212
213 215
214
353 230
231 232 233 437 438
234
236
237
294 295 351 329 330 299 300 331 245 350 255
246
249 250 258 255
354 259 260 355 395 396 397 398 273 347 285
261 262
261 262 529 530 558 559 564 565 566 568 316 456 463 490 491 500 501 505 508
291 292 264 266 268 269 272 528 340 315 284
264 432 479
272
272
274
275
280
282
290
293
293 408 424 363 368 339 343 312 409 379 348 349 415
296
297 298
306
310
311
313
316
317 318
321 322 319
320
320 341 342
323 399
335
336
344 345
352
366 367
369
484 485 373 374 375 376
499 502 506 507 382
384
386 387
387 388
392 393
394
400
410 406
407
411 492 493 567
416 417
421 425 560 561 562 563 440
422
423
425
426 436 455
430 431
433 434
435
452 453
485 484 452 453
452 453 486 487
457
458
459
461
462
466
467 468
471
473
474
475
476
477
481 483
488
495
551 552 553 554 555 556 557 531
532 533 534 535 536 537 538 539 540 541 542 543 544 545 546 547 548 549 550
