11 987 6 1804 686 20 2821 1030 4562 1035 2050 3 2218 148 244 1486 2067 1818
138 1709 3 719
19323
11 6 1132 3
11 4 6 16431 644
1057 1564
1997 6
506 11 6 303 3 492 2948 6136 472 2826 473
1164 218 6 910 155 1857 3143 3 148
69 11 6 4988 376
294
269
13146
6432
1 3
23126 7
1
6 294
6 15050
11 6
1 6 3 23384
6 3 64
666 55
1063 11 218 6 307 1748 378 3 148
4 19320 3
6
6
11 27 987 6 752 3387 261 262 2094 192 8189 204 7 6047 4791 8142 10308 3827 37 5889 5928 1956 4331 205 6251 1576 1507 1509 3000 3170 3171 3172 2885 276 890 3352 402 3976 897 1799 7719 6635 16181 16009 10037 1969 1971 207 550 14375 12795 13059 9956 7875 3935 11752 419 14939 208 8816 209 978 494
6 7
6 3 64
269 490 293 6 3
3620 3
246 3
3
69 11 6 662 136
6 3297 737
648 6 3 584
490
2247 590 3
7313 1839
643 3
145 4 6630
1 11883
11 6 3483 215 20635 18
1 6 6692
2
6198
509 27 253 1807 13877
32736 1599 488 6
1 218 1460 3934 5740 15527 7161 2059 2386 2093 644 64 5707 2456 23 4068 670 148
11 488 6 1130 3 13960 77
11 6 3
6 3
3
490 27 3
11 1 218 6 89 138 3 148
6 3
6 3 6290
4 1 3
11 6 38 546 6301 1611 2337 815 4802 494 1566 470 564 793 678
6 3 7
506 11 40 6 2 261 3 290 737
11 3317 1 6 6975 2952 90 2403 3394 305 306 698
11 27 2024 314 988 6 5127 344 1455 10247 10055 9864 10889 10890 16794 6799 10891 2342 17495 13032 11890 9152 8020 215 353 83 3 204 10980 49 205 135 77 4100 534 3614 3407 1001 633
55
6
11 6 6963
6
69 9380 11 3620 5656 1 218 6 2 303 55 138 993 273 3 60 7 423 148 1014
3
4 6 13569 5069 3 3612 644 64 5486 670 136
6 18 3 803
490
11 6
6 271 26990 3 1848 8665 12513 8376 8377 2455 14617 644 64 651 5606 453
6 32588 15572 265 443
1 55 3
3
4 512 3
22057
55 582 3
490 27 6
11 6 2 3359 666 3 135
3090 6 3 2457 10105
1 3
1057 1
11 288 1 40 6 353 3 2947
11 6 14 104 118 2138 64 73
1057 14995
4 1490
6 3 1660 1723 10199
3901
3356 18
11 2081 218 40 6 11361 7491 518 4564 6406 3 77 148
55 3
11 4 6 1685 3
11 27 6 10900 138 7 2849 205 3250 3292 2817 3294 136
11 4014 15066 27 6 7807 862 14750 20586 278 17968 875
1524 1451 269 11 4 218 314 6 6363 1538 3111 56 11911 510 303 231 2280 774 2050 12042 10945 273 1794 148
21353
6 3 2850
11 218 6 25 784 7 148
3
6 7811 3 126
2211 3
11 4 6 3 438
13582
1 6 547 3918 2105 7617 949 9201 9203 8286 6827 9371 11975 1174 6979 8472 15225 704 9562 8147 10251 5599 3875 5261 5744 6157 64 723 3146 730 670 5431 610 7 205 1960 87 135 662 136
3
1 314 25638 3
6 294 3
11 6 259 2132 90 3 137
29456 3
8031 11 27 1 6 14363 354 2261 759 1840 1690 25 4060 4750 969 4755 970 260 4001 281 598 1044 1469 241 3348 2133 6164 3 7 14231 16701 10622 7911 8030 5237 3160 16147 11405 9333 14424 11988 11989 27433 3162 1079 11407 3163 11408 9935 11409 4019 8793 11991 11992 9975 14265 11994 3165 3166 3167 3168 3169 9579 17080 9788 10626 10627 16970 10628 7407 3170 3171 3172 3173 3174 3175 3176 3177 276 9347 25770 6633 8300 4504 8339 11415 11998 4237 9349 11999 5166 2972 10630 17745 12001 15812 10286 9936 9018 1075 12003 11492 3178 897 87 3102 136 5409
621 13141 3
6 14190
1 16993
1105 316
4035 314 10728
6 3
11 4 6 1701 369 91 3
3
3764
4654 11 616 640 27 987 1 218 40 1143 6 215 993 1118 1144 2874 90 7 205 5176 321 77 14806 4092 7836 885 2357 5272 290 737 738 9125 9126 3407 3835 662 136 663 1101 148 1835 444 446 464 492 482 677 1817 498
4 3315 1 7
6 1515 258 2050 3
6014
27 55 3
6 3 64
11 27 6 2136 376 3
27 582
6 3 1566
269 6 14750 55 667
11 605 6 55 136
490 138 77
11 6 3
11 4 6 1181 499 886
6 5352
1305 1436 1437 986 656 27 218 16065 11237 818 1904 31451 16765 4202 6516 555 3695 31452 1460 901 21 4651 540 358 2035 229 25 259 1463 237 2279 3436 3087 278 398 7 6507 399 400 206 1775 3209 942 424 148
4 6
11 1 6 512 1695 1700 1702 1703 696 3 7877 7485 3113 5741 6070 6457 833 2878 2366 644 7881 724 670 5011 2956
1 6 3
1808 3 77
11 4 1 6
11 4 1 6 3 9111
4819 138 7869
689 3
1 3
291 3
11
11 314 6 3
11 643
273
3003 8856 3
2081 6 2 10344 3 4499
6
11 1 3 2824 3676 675 4545 4548 4872 492 4873 4874 4875 4876 4877 482 2303 4878 2144 4879 1183 573 2196 4880 4881 4882 2145 4883 4884 4885 4886 4887 2304 4888 4889 494 3536 3255 3537 4890 4891 3988 4892 9699 4893 4894 4895 2335 3093 3130 3852 4896 1007 4897 4898 4899 3669 4900 4901 4508 4902 3854 8914 3960 9700 9701 4903 9702 9703 4904 4905 1619 4611 1038 2441 4906 2318 4907 873 1009 677 11059 9704 9543 10202 4918 9705 5116 4919 4920 3131 4921 4922 4923 4924 3417 4925 4859 226 1487 9706 740 472 19219 3729 9707 9708 9709 3493 6894 9710 4367 9711 9712 9460 2147 2826 9713 9714 9715 1012 316 678 4373 2197 4940 4078 1817 4827 1042 4941 496 4942 574 4943 1014 498
6665
1 6
11 6 3
6 1025 3603 3
32998 1014
152
2914
1 6 3 316
3 451
11 862
1524 3001 40 314 1489 6 138 2457 737 2992
83
11 6 20230
145 11 4 1 6 3664 851 303 215 55 2163 540 364 230 769 2267 233 1033 3798 775 491 1810 537 1133 588 1044 807 423 450 787 492 573 2304 4888 11206 494 3255 3153 3958 1560 23167 4611 2318 4907 1008 3416 677 4930 316 678 1818 3587 498
6 10507
6
27 6
1305 11 6
3 7732
616 6 41
69 11 1 648 6 1466 3 7
4 16666 1550 1552 889 1554 631 3504
6 7
3 9008 667 4547
490 29526 3
11 6 2035 45 14 115
11 6 29514 135
64 21450
11 1779 27 1 6 3
11 1 3
11 6 55 3197 4450
6 686 3
21511
3482 6 55
616 6 55 378
1 6 11689 473
11 6 138 3 7527
514
1570 3 14788 8820 5086
3 7
11 6 883
218 6 760 228 4711 3 4774 148 585 5063
1490 648 91 12021
6 3
11 4 3
3 21727 12016 3958
4990 64 7 7350 6376
22742 3
11 4426 6 590
11 6 698 815 136 667 839 316
11 40 659 661 665 6 64 4069
11 1 40 665 6 3 422 136
3419 145 489 11 6 4275 379 17134 265 7 77 633 446 1023 25452 4548 677 498
656 6 3
11 4 27 6 7 2849 49 205 1959 1960 9022 10719 1503 1504 1505 1507 1052 5899 5900 8158 2817 9095
6 30631
11 4035 6
1 3
11 293 6 215 20 90 522 3 662 136
6 378 135
11 55 4397 446
11 1599 1 6 14368 3
11 3705
1 1708 558
11 4 218 6 3 897
11 6 3
69 11 1 6 7939 8790 970 260 281 4350 1149 14 560 64 2456 5712 71 135 999 77 496
69 39 11 293 6 2 9285 90 83 3 2416 264 265 7 897 210 87 8009 8118 1980 77 2196
11 294 73 11052
6 2252
986 6
1 218 6 4213 1838 4703 4724 5805 5672 18156 5483 2167 8491 1069 6693 5704 2168 7049 7050 4351 7052 2171 2172 2173 5253 4522 9210 2876 1565 1149 9222 5599 3875 1559 15393 6110 5752 6413 148 7406 9488 789
11 40 6 555 138 2045 237 90 142 8750 5634 831 2298 1660 833 2412 7158 2878 2367 584 64 10419 71 135 423 2310 568 999 1000 77 531 1794 6000
6 3
11 4 314 215 3
11 6 55 644 731
4 1039 6 993 3
3347 6 380 3
55
1184 1185 1186 1187 1188 1189 1190 1191 1192 1193 1194 1195 1196 1197 1198 1199 1200 1201 1202 1305 1351 1362 1373 1384 1395 1406 1417 1436 1437 1440 1441 1442 1443 1449 1450 11 218 6 215 12048 357 255 1132 1019 273 27580 148 438 245
11 4 6 3 64
4 6 1751 7171 278
11 1 6 215 522 1146 584 16575 71 999 1000 77 662 136
3003 1 303 55
3 7898 85
8731 3
490 6 3 6562
3317 91
603 9211
294 3 13423
19030 6880 1162 3242 6430 3212 2152 1063 4805 508 269 218 6 10678 3435 2363 3483 12571 556 1564 296 303 254 2043 1129 5308 931 2873 515 5688 5689 2080 4746 1756 3 8068 1870 148 8805 144 4680 2251 1817 1818
1 6 2 3473 1501
6 1708 10110 494
2168
6 3 2063
2 3 77
69 151 11 5 1 6 55 540 25 1693 240
554 1 218 6 8093 3716 6636 3663 6061 271 861 4231 4242 3384 3385 4058 3665 350 303 138 3882 3337 1119 845 762 21 5665 1841 4672 604 903 255 155 3511 514 2276 771 2280 2281 1990 1812 829 2133 526 529 2105 3 2418 2420 2421 5112 2371 670 312 148 458 871 2251 564 3962
27 6 3 7 87 88 2864
11 4687 380 3 22471
11 6 294 7 205 4395 1960 1962 4096
6 3 17640
6 10463 55 3781
11 6 347 21 1681 228 3 77
11 2895 6 836
11 1490 1 6 10105
11 532 218 6 2269 5682 3501 2953 2274 4735 5686 2051 938 8269 1474 4065 6270 1666 2878 64 1037 5711 148 463
11 27 1 6 56 8129 518 83 3 2301 321 737 667
770 3
6 3
27 6 1144 14 136
490 3 15933
11 218 6 303 1065 3 6362 559 64 2388 136
6 3 434
1463
11 6 3262 469
1
27 6 1989 4754 3322 114 132 9451 62 652 64 2361 3345 1671 2369 1672 601 2370 2371 5976 726 3701 3146 1588 5113 2194 729 670 7 14919 205 5890 1502 4361 3910 1507 1509 1577 925 492 245 6408 316 1817 13865 1818 4941
246 27 1 6 672 3
11 6 2 3 1752
4 3
11 6 21942 2342 138 294 83 3 9214 19545 64 7174
11 6 1065
11 1 2
138 87
1177 3
11 4 275 3 18312
2081 314 6 3
6 6787
3
11 1596 27 2085 2086 40 659 6 215 3 11980 3272 3273 5282 3274 8152 11250 10363 3275 1956 49 205 1052 3924 5899 5900 8158 6462 2817
270 6 16998 3 136
987 1 6 55
1524 506 11 4 314 6 307 3 644 667 446
6
6 3
21
2324 91
6
11 3620 6 19888 3 19889
6 5669
6
6 3197
6976 6977 5565
3
987 8016 6182 148
6 3
6
11 4
1 3
880 1 1810 294
52
3
4137 3 316
294 3
69 11 490 640 6 5057 3 1077
6 2 3 3329
3 16928
4 6 3
294
3
6
11 2081 6 64
6 361 3
29345
6 3
11 6 3 77 494
4014 1
69 6 4960
291 1 1147 5147
11 27 1 6 2403 537 8869 168 185 11950 8770 285 204 278 265 934 28 7 32 276 6631 6087 6088 6126 3351 3342 10041 2300 897 209 212 87 7543 11431 15754 9302 4238
11921 269 11 1 6 25 233 5688 520 2403 240 3
138 294 3
11 218 6 19 1644 3605 863 845 747 910 4417 229 25 3517 514 372 526 527 2283 529 530 2284 294 2062 4069 4070 2331 7 148
4376 55 148
11 1 6 3 77 424 3407 3835 633 438
490 91 3
11 294 16775 11757
6
4 27 6 3
9404 3
11 6 3257 3 7 17284
3 446
3 787
6 3
77
4 1490 218 6 6118 969 3628 260 281 697
11 6
6 91 3
1
294
11 5123 2085 40 6 1517 83 3 14 77 667
69 218 6 13452 1460 261 3520 263 3 148
20 3
3 2369 276
11 6 3 1964
11 6 138 3 13640 662 136
6 2 4260 91 21732
6 578 3
1180 3
11 4 20052 6 140 777 306 5052 3 737 438 446 4218 11393 1023
643 1 9560 3
55
11 27 6 27582 278 7 13272 3269 11765 6539 3276 1956 11770 13472 1167 4382 205 5990 4353 4393 9765 1958 4395 1960 8255 3908 6285 12415 4399 1961 15430 505 1963 897 3150 4527 4529 12619 4531 7452 10804 10174 4534 1978 211 8592 4488 10611 9311 4536 9312 10177 6041 4539 10423 87 316
1 6
16497 3 10310 3816 316
64
11 218 6 296 3387 254 512 1707 90 7391 6500 584 644 601 71 3863 999 77 136 148 494 927
6 1748 378 7
6892 2206 1063 508 4 1 40 6 2207 3360 1804 2026 511 6064 5476 991 1458 4962 303 1838 20 747 1690 229 364 25 824 230 258 688 1129 2270 260 4001 829 24304 6450 3217 5627 283 2199 2200 6163 2201 692 4769 693 694 3658 1181 5296 2330 2050 3222 3223 1711 4030 2439 6300 3225 3227 5234 2013 3649 3228 7827 3230 5874 699 273 3 8763 706 3232 3919 397 106 710 118 1071 3788 131 6070 62 815 5028 5975 2361 1481 718 720 727 729 4313 9277 563 1655 10280 2332 836 3957 4901 3131 2067
1 3 7143
294 4006
6 126 64 2143 446
6 1908 1981
245 144
294
11 6 8429 877 2334
1194 1305 1327 1338 1344 1345 1346 1347 1348 1349 1350 1351 1352 1353 1354 1362 1373 1384 1436 1437 11 27 987 1 218 6 4203 78 1801 153 2029 1536 273 83 3 2457 205 3923 321 148
840 3
6 5090 91 5971
5613 5945 268 6711 11 4145 2316 2023 160 6544 2150 2024 314 6 5510 3680 356 863 2952 4809 135 3102 3198 8925 136 1101 442 787 10280 3255 6327 2082 8398 3537 6328 6329
11 1599 218 6 546 255 3 148
4 1709 3
6 56 696 8823 472
27 7433 3102
11 1 6 26130 25 7479 6927 10457 6529 1146 5496 5497 6931 18872 7481 2402 6315 8846 5499 8847 5500 11649 424
1 23952 13375
11 27 6 3257 2162 90 380 697 100 726 3404 7 12592 2243 74 321
90
69 11 40 4015 6 2 4806 512 233 234 235 237 5958 2160 1137 1845 273
11
11 6 45 1145 3 64
11 27 1 218 6 3091 2 1770 944 349 3385 7409 684 889 2433 6181 7572 4586 2258 3882 3765 153 1765 845 762 228 361 230 5673 512 4060 1863 1864 2434 514 1131 4496 521 1653 4768 2160 4030 23653 3487 4851 133 3583 64 1612 278 7 2847 49 2855 1774 1579 1775 879 212 2866 4858 2231 148 438 453 786 838 3416 5717 4935 4667 474
6 3 11560
273 3
1 278
6
3
335 11 6 3
6 13436
6 2 824 3
6 5495 3
11 218 6 753 7522 2132 90 4676 3390 781 537 1989 2190 997 672 3 4522 132 5277 148 744
4426 6 1069
268 3241 508 11 6 1872 56 3363 2999 1539 1541 1065 1544 1545 889 631 632 1556 687 845 1648 2274 1166 26134 83 3488 118 1612 7 1050 85 897 86 1077
490 70 27 1 6 3 205 3291 3292 2817 3208
6 13980 294 3
268 11 27 218 6 2 2376 4441 220 764 773 1035 1467 1019 45 5957 3322 273 28 7 32 11814 1153 1934 37 4983 13307 885 148 316 496
11 1777 6 6540 3 77 531
3
3 1174
3 18244
11 15003 27 6 1770 6572 278 265 7 51 206 13211 8112 3351 5204 5205 3352 402 897 16582 12017 13019 7358 5149 15414 10 6915 212 16583 3773 87 77
6974
6 155 32822 38569 22392
55 138 4733 294 3
3 737
4 1 364 3
52 27 6 7730
3
27
11 1 6 55 1532 3 11753 11761
11 617 2344 504
11 218 6 3370 294 3
11 6 56 3
1 3 11764
6 13807 1769
11 1 6 3
9040 5512
643 3
269 2985
11 648
11 314 6 14923
1305 1351 1362 1436 1437 11 484 27 218 6 993 253 2069 6536 273 3 33047 7 1579 866 148 3103 790 499
11 218 2085 40 6 3895 1838 1644 3197 3 14 628 1071 7139 738 148 9969 471 3660 3195 496
1644
483 6 2 3 9653
12547 2093 10647 316
2324 993 3
4 6 10539 3
6 294
40 152
145 82 3
6 22621
3594 11 1489 6 342 1770 6342 1738 2289 3797 3252 254 361 4720 1687 371 6333 1829 3348 242 261 263 1609 3206 5233 6300 3452 3595 560 727 5113 470 473 4612
3
2 3
11 6
1 13837 1166
6
6 504 3 2851 205
799 6 138 6760 3 11129 1084
4 659 2 763 3 10581
2309 713 3239
6 7616 6768 3612 6233 2059 4066 64
3
4 1039 6 7859
69 218 40 6 138 253 1805 148
880 532 1017 6 2373
1 3 6674 15841
6 3
3
55
640 5192 1 314 6 55 3
11 6 356 18 3
1 55
535 1751 3
3
55 3
69 269 11 2086 40 659 660 6 77
1078 643
11 3620 1 6 55 520 3 27860 64 4330 8902 670 1742
11 3
6
6 5682
2987
1 516 16041
11 6 28 7 32 1934 37 897 87
2023 6 6379 11762
55 5495 1751
4923
1164 6 3
2021 986 3594 269 11 4 1 218 6 1884 1913 944 56 1917 1920 219 10237 3363 2027 1616 350 555 991 38 579 540 364 3517 2041 1863 1864 3577 2072 2132 90 521 522 3719 305 695 3 93 4624 4625 5014 6268 2169 2170 2171 4629 2876 11697 915 3374 4966 14 397 102 1559 106 7121 1744 112 4321 1660 2922 6302 3460 953 132 3124 717 64 1481 3766 3405 5326 135 423 866 531 290 737 312 4104 148 1655 3824 3959 4046 4909 839 3383 227 1926 1170 10564
1 6 7072
17482
1 6 3 15032
795 11 987 1 218 6 139 3695 3692 55 364 582 257 155 158 6882 2954 773 2072 8059 774 1132 90 521 522 142 2403 3473 1858 537 997 2157 2158 281 3518 10272 240 1469 6299 11087 242 261 262 263 378 672 3 7 148 1141 292 786 573 916 837 1007 316
11 8625 6 845 3 4779
4835 11 2024 314 6 234 520 148
11 987 314 6 5657 686 1838 228 46 379 3 7 1509 77 148
506 508 11 218 6 56 3362 3664 5623 3363 4005 19 303 2118 2119 2069 2120 578 2121 1851 3944 220 845 254 9143 1122 747 910 824 230 765 2266 231 1600 514 2274 515 518 2954 537 4679 45 2886 1044 240 2133 3603 262 1609 3801 3123 3595 294 135 423 312 148 435 438 869 2145 3129 1740 2287 472 2826 473 1011 678
11 6 3111 56 5370 1034 1607 5386 11129
1177 7133
11 6 296 3692 3693 3694 281 114 1507 3416
11 4 6 1144 590 77
11 27 218 6 255 537 3 2424 49 148
6 25098
218 6 138 2050 3896
69 11 6 2 3 106
69 3
5 818 64
795 269 11 6 302 303 83 3 3530 87 88 438
11 7783 6 139
11 26433 6 303 762 83 64 981 7 85 86 9098 17182 8482
1 3
314
4 3 9027 15792
11 1 6 215 1144 142 5858 135 7831 423 2445 7844 24 7845 3586 738 424 916
11 6
6
3 675
506 268 11 4647 27 6 684 15831 3258 55 686 1644 355 153 747 229 582 259 237 2953 775 1132 522 777 2403 240 241 690 5538 2077 3650 8266 3123 3230 2094 3370 4620 3 6261 2414 2368 2416 584 7 49 3754 135 423 2357 5714 3237 136 667 438 445 448 464 740 1011
11 6 3
6 7
6 3 24002 73
6 3
11 6 3790 3 3488
6 2283 3 15841
331 1017 6 4714 2918
11 6 3 316
1 6 273 3
11 490 218 6 41 220 540 255 364 25 2952 3 148 1655 2826
27 3 278 2301 3378
11 1 6 55 294 3 7022 32612 4373
11 640 8607 5192 270 218 6 83 3 423 136
3356
6 4170 348 303 650 2122 2123 2125 2126 2127 2128 2129 2130 504 46 3 7 77
749 2895 3
11 1 6 2192 77
10022
3 1954 73
11 5568 1997 2024 314 6 55 15479 294 9403 83 3 11362 316
1
11 1 6 91
2081
2190
11 27 6 4990
11 218 6 360 504 3 3262 148 452 2335 4508
11 27 1 6 155 768
1
1 3 1789 3269 73
6 138 631 632
5287 11 1 6 306
2143
11 40 314 6 1770 615 3257 12563 2042 491 1019 90 240 5724 83 4090 3374 7 6907 8793 2885 1868 421 1869 7304 5272 316
1 644 26772
679 11 1997 218 6 666 901 148
145 3 591
6 446
3
3 2303
11 4 27 218 6 632 259 3 77 148 3972
1 218 138 3113
11 1 6 14525
4 6 89 1751 3 3210
11 1 6 3 4095
6 215 1837
532 6
69 11 218 6 3680 1991 1065 1684 1686 364 400 148
506 3212 11 218 6 1168 7409 299 55 1686 747 255 229 364 230 2038 155 3143 2040 231 4060 3 6865 148 3725 1726
21775
11 1 6
3
849 640 3
11 3
1 3517 11872
4 6 3
218 6 3 148
11 2024 314 6 929 1858 3 1138 7 3210 1529 4600 290 737
55 3 131
4 605 218 6 2072 2279 504 3804 697 613 17437 148
1
3
4 3
27865 3
11 635 6 55
6 3 11145
6 3 8184 64 670 28467
26578 4952
3 4990
11 490 218 6 138 253 4520 254 3366 229 512 1863 1463 1865 148
6 294
6 4007
1517 590 3
3 64 1575
3
11 603 6 1874 2 139 296 55 1536 1030 776 90 5531 522 6571 43 1025 1811 794 3391 2400 3 1141
484
11 6 138 1541 1065 1544 1545 631 632 58 11659 77
11 1 218 6 3 877
11 1039 1 6 3
151 269 11 6 273 3 3376 4966 5655 438
11 6
4 799 6 3
11 1 6 3087 64 135
2102 3243 679 11 4145 1802 15397 27 6 3714 14307 347 56 3360 555 3797 686 3333 358 688 2952 650 2122 90 6172 2051 696 1471 807 2094 18465 83 704 8260 1848 832 102 4065 3124 731 934 49 5148 6253 423 4096 18372 5789 4597 4097 3820 2064 4599 3834 885 4600 16166 941 2108 5526 4852 4093 531 290 6850 563 3198 435 2143 453 455 744 837 1485 564
11 6 138 64 662 136
4426 3
4
11 27 6 215 138 307 378 1570 83 2298 10366 6875 3905 1496 3907 205 4395 1960 8967 1051 1052 3299 5897 3292 2817 10368
11 6 5368
11 1 6 828 3 15849 64 136 446 3093 10824
6
6 3
329 330 6710 1871 5104 6558 804 795 269 11 987 1 218 40 314 6 3663 5619 3361 861 4476 3363 1168 10908 685 555 556 5105 2958 992 3257 2162 38 545 303 2119 9720 4442 11745 1754 354 1645 747 5805 229 25 1693 230 257 232 2045 8059 90 4755 970 260 1830 864 3393 690 3368 504 3215 2073 3217 5627 5654 222 2105 2201 380 2048 3632 2439 3226 697 3396 2013 3649 3650 8266 10945 3122 3123 807 2164 830 698 808 843 10219 3369 5407 309 5079 699 4369 5552 810 273 15292 11822 7908 395 628 118 1071 131 815 64 5756 148 438 2889 482 2145 870 872 6715 739 244 836 468 245 144 470 3825 5064 4028 7864 4916 6893 12758 4509 9704 3972 875 137 2185 316
11 27 6 3 3352
11 6 3 15248 738 467
490 1 6 307 378 3
90 16381
6 2915 5606
3
3
4 218 6 5247 1458 1025 504 3218 897 148 73
324 325 326 327 328 329 330 331 332 333 334 335 336 337 338 339 2019 11 218 6 41 9 138 254 361 1686 747 229 25 512 1628 1702 1705 1629 1808 90 537 527 46 379 2214 3 11856 1481 552 835 729 670 7 148 1655 877 4981
27 218 6 5040 4988 1117 776 5695 972 11562 2133 8065 11948 783 504 7 6160 15387 148
4 6 3 8495 15929
4 3 9904 10304
11 26628 19813 3
6 3
3 446
4
6 8237 737
2186 3
3
11 6 16564 520 3762 3 7 1006 7540
11 6 347 55 228 5254 2403 4046
11 6
1180 6 303 22828 64 77
1 2 3
508 11 27 6 7945 510 3483 303 5723 7 87 2867 7543 11431 15754 9302 6849 7885 4238 5609 3002 4356 2231 420
11 4 2 3 290
554 11 27 40 6 1919 8457 215 138 631 632 370 261 4523 99 115 125 6302 716 552 729 731 205 2100 4378 1052 2817 674 568 3863 438 470
11 6 3
4 799 6 989 215
27 6 278 1138 7 3897 1956 2850 50 205 2808 7457 5204 5205 402 3424 421
1871 11 6 9210
69 268 11 4 4426 3357 987 1 6 1803 1883 11397 4167 1888 10752 18115 1769 1771 89 2025 2103 5622 684 3257 841 1643 303 687 232 158 233 772 159 3141 83 3 1475 7 135 662 136 148 2251 839
3 8839
3
11 54 1 218 6 358 3 148 667 470 495 496
1581 3 49
6 55 3
11 1 55 22094
11 1 6 3791 2163 775 521 777 4566 4778 455 2018
535 55 14147
6
6 3
6 5305 741 3
4 6
11 987 6 3
151 4506 269 11 6 9656 303 4731 504 1610 6378 8471 6069 865 423 290 737 744 6470 316
1581 6 8509
893
11 490 6 632 3 23 737
3 7850
11 6 3
1262
11 6 11892 446
2 7312 3
11 6
3 7986
1 3 10114 73
6326 6 2 9762
69
11 509 6 6903
11 1056 6 3 438
11 490 6 16129
91 18
4035 1
11 27 6 228 398 7 399 400 51 1498 3152 2863 135 662 136 3960
1 23868
11 1039 314 6 3 14 3815
11 4 1 6 397
55 3
11 6 55 2217 83 3 7
6 55 3 531
640 3970
483 6
326 11 6 3
2 3 49 6995
6 55 3446
11 6 138 446
6 901 779 3 446
506 145 11 6 16342 598 45 12 974 3221 3 9150
3
6 3 3017
246 6 5559
295 3 279
6 55 446
487 801 55 20845 8038
55 12618
6
4 3 8594
11 6 1770 3 23059
6 3454 3 458 473
11 6 90 1071 5147 77
11 218 6 2 148
6 3
4 26195
6 3 10652
69 11 6 283 77 7845 738 2065
11 6 1110 3
6
288 6 55
11
1 6 685 545 1681 1646 3213 3 494 870 2332 871 4981 789 244 2066 3824 7864 3972 2067 3132 9460 927
3 9057
18
217 1078 55 7
1 7
27 6 294 3 11602 5849
849 6 3
11 218 6 1534 4707 540 148
11 6 1605 3 8860 438
90 3607
6 7
853 855 856 11 4 6 55 667 446
324 338 339 268 1871 11 490 1 6 89 138 686 1838 1644 3605 21 800 229 364 25 2041 512 1628 1704 259 1707 1708 1632 1131 1517 772 827 1132 140 90 4676 781 997 970 1469 375 3 2405 1071 64 601 4789 3955 135 423 3416 5943
1 6
4 6 1025 7100 6301 1611 64 1104 1049 265 7 290 737
632 3 446
3
275 590 12531
11 1 6 138 3102 136 1101
508 11 1078 1 218 6 1906 1035 521 12 3218 3649 20312 3 14309 960 6335 3698 5236 10461 4325 5971 584 644 64 3885 1037 726 730 2981 670 423 290 633 148 5068 6224 8585 494 2335 6137 316 3587
3 5912 16834 1183
11 1 6 55
11 6 16614 4469 3
6 1080
11 6 744
6 13018
1 91 3 5990
246 11 314 1182 6 3 1138 7 1956 205 276 897 14669
4654 1492 5612 1063 269 11 218 40 6 1889 1769 2 138 253 762 228 10550 1121 800 358 147 2435 504 3219 273 148 452 492
11 987 218 6 2 1906 7925 944 666 5241 2342 17495 4550 1800 2844 255 512 2044 1707 43 1025 265 5849 4074 148 3937 1011
11 275 6 3
6 19195
293 1 3143 2416
11 6 356 10670 306 3 64 77 438
6 3804 1923
246 11 6 1539 154 3 669 670
4 6 5458
325 6 3
3
607 70 1 7536
11 218 6 3 1664 644 7 2300 15128 897 148
11 27 6 559 1743 108 110 111 112 114 5655 129 130 3810 2331 28 7 32 6509 1154 1784 37 49 3170 3171 3172 3173 3174 3175 276 1820 890 897 1774 10704 11014 87 88 8844 11380 1140 8009 8118 8119 1980 4978 11754
339 11 6 3 719
1 218 6
3
2309 1 254
631 3
11 6 3
215 3
217 294
11 3317
6 4171 3 31083
3317 1 6
11 6 3
490 3516 3
1164 27
69 11 27 1 6 138 631 4345 155 1694 1864 15892 83 3 3232 14 7 12064 87 420 77 4357 4358 534 573 916 316
138 5321 446
643 6 8082
6 1660
6 686 3 574
11 1 6 90 1751
69 27 3 16963 7152 934 398 7 399 400 879
6
11 15899 504 3
1 6 3 316
3 64
11 1 378 3
3248 6 45 1145 83
1 2 3 6976 6977 5565
554 11 8325 218 6 56 3364 350 4960 1117 2012 3797 878 545 299 548 303 1838 747 581 229 650 2124 1466 1810 827 4744 1019 3436 5340 2133 2135 6162 2136 305 783 11295 697 866 148 445 447 1655 2332 4981 793
11 270 27 1 40 6 3360 2012 83 7 18242 1153 3000 6129 8014 1775 77 563 136 587
3387 3
1 218 3 73
27 6 30699 215 3 205 3925 674 3208
5005 11 3 5969 584 2093 64 16850
607 6
11 10845 8118
11 6 20848 77 13836
11 4 218 6 3
6 83 1774
11 27 1 218 6 2 55 90 260 2050 28 7 32 4866 4867 4868 4869 49 3638 531 148 2018 1566
4 3
508 11 52 928 2247 1 40 6 19 1018 10212 46 379 2439 831 670
4 27 138
1 25160 3
11 2081 6 154 3 3194 14 8237 3489 98 99 397 2921 3085 64
11 1994 6
11921 11 1994 6 2 3 7 205
316
55
6 30301 2 294 3
11 6 775 83 1848 832 27773
11 1 6 3 4985 11243
16492 35952
3
6 278
294 83 3
8627 1 3 26927
7
55
3
490 1 6 3 1174
145 3
6
3
269 218 6 255 3 148
4 27 6 55 3
487 1 294 3 7711
6
1 6
11 6 929 12 974
11 1 6 1603 215 1034 774 776 1132 9917 248 6686 2134 3 12525 1615 148 292
11 3356 6 3
3
6 829 133 64 7
11 1 6 302 3 3377 1011
11 1 6 138 358 699 273 136
490 6
145 6 5545 6067
11 3001 1 6 1018 6214 4961 55 83 8929 3405 452 482
217 73
6850 4104 3956 662 136
1 6
1644 3 13017 6282
3764
271
11 218 6 294 3 77
11 12973
11 635 6 83
1 6
11 6 138 825 3
3356 82
11 91 3
3 16233
1
11 152 3
11 218 6 215 3
2
635 3
1 3
11 6 2273
11 6
82 21779 1 6 303 55 138 3
11 6 1891 5127 344 1741 1795 842 3719 3 1073 3820
11 1 3
1 218 6 863 20 1535 255 362 25 3 148
25039 3
1 6 55
11 27 1 6 1918 83 3 278 1138 13956 7 8049 16562 400 2847 897 879 87 6541 88 2231 5176 2075 5460 2397 321
339 1855 6 55 3 73
656 3
3
1204 1205 1206 1207 1208 1209 1210 1211 1212 1213 1214 1215 1216 1217 1218 1219 1220 1221 1222 1223 1224 1225 1226 1227 1228 1229 1230 1231 1232 1233 1234 1235 1236 1237 1238 1239 1240 1241 1242 1243 1244 1245 1246 1247 1248 1249 1250 1251 1252 1253 1254 1255 1256 4842 1257 4843 4844 4845 4846 4847 4848 4849 4850 1258 1259 1260 1261 1262 1263 1264 1265 1266 1267 1268 1269 1270 1271 1272 1273 1274 1275 1276 1277 1278 1279 1280 1281 1282 1283 1284 1285 1286 1287 1288 1289 1290 1291 1292 1293 1294 1295 1296 1297 1298 1299 1300 1301 1302 1303 1304 1305 1306 1307 1308 1309 1310 1311 1312 1313 1314 1315 1316 1317 1318 1319 1320 1321 1322 1323 1324 1325 1326 1327 1328 1329 1330 1331 1332 1333 1334 1335 1336 1337 1338 1339 1340 1341 1342 1343 1055 1344 1345 1346 1347 1348 1349 1350 1351 1352 1353 1354 1355 1356 1357 1358 1359 1360 1361 1362 1363 1364 1365 1366 1367 1368 1369 1370 1371 1372 1373 1374 1375 1376 1377 1378 1379 1380 1381 1382 1383 1384 1385 1386 1387 1388 1389 1390 1391 1392 1393 1394 1395 1396 1397 1398 1399 1400 1401 1402 1403 1404 1405 1406 1407 1408 1409 1410 1411 1412 1413 1414 1415 1416 1417 1418 1419 1420 1421 1422 1423 1424 1425 1426 1427 1428 1436 1437 3444 11 27 218 6 90 970 2134 83 3 2331 934 7 85 890 86 2857 10699 6915 212 87 148
11 6
11 6 83 26113 28 7 1050 32 87
69 324 329 330 331 332 333 334 338 339 246 4654 268 2019 508 4416 1453 340 11 4 4141 7973 640 1997 987 1 218 2086 40 665 6 753 56 4026 2026 3384 5878 3794 1738 5873 303 215 138 2119 2120 578 2121 10287 759 1839 1680 2028 687 21 1646 2179 363 2038 2377 155 1857 512 259 368 2952 1863 1864 235 1464 237 370 1652 4733 2953 515 772 1030 5143 650 2280 774 371 775 6333 1809 491 1810 827 1132 4507 140 1756 970 260 504 2199 3141 3804 784 697 4369 273 135 424 1101 148 1141 13082 292 9071 434 449 453 744 492 3103 2333 266 472 2826
4 5 6 64
11 1 6
52 2985 3
11 27 1 6 5948 1912 138 773 1035 142 43 44 598 45 1133 7894 4963 2942 4759 974 4616 9635 3144 2943 239 3392 8996 3720 273 1049 265 7 2395 6646 3351 10819 3352 402 897 87 6749 4238 10750 587 438 9542
485 3
11 1180 1 218 6 345 944 901 5676 4728 4653 3979 827 1019 305 5727 3122 6960 3 1477 1037 3702 148 2251 3615 473 927
11 3 446
3
14103
5804 4647 640 1995 1997 987 1 218 40 659 7974 6 18631 55 1144 4692 582 155 2266 512 770 259 158 2137 263 148 786 4878 2144 4879 573 10879 916 4881 2145 1797 8739 3824 20663 836 12428 1009 677 11059 4509 4918 5116 4919 4922 316 14773 4827 1818
4 768 91
6 77
11 6 3
4 9399 47 13692
490 1039 777 3
1 218 6
27 764
40
6 424 148 73
1 6 3
6 148 73
218 6
11 6
6 10962 294 3
1 218 89 7886
11 6 1769 1770 3 7 209 245
6887 10004 6 83 3 1138 7 6870 5224 135 3569 290 737 73 11079
6213 6 3 1007
1850
11 6 2 215 138 3 73
4 3589 6 2
6 9906 17151 3
6 3 7
11 6 3
11 4124 22410 34130 6 1144 845 90 504 3 135 77 18135 6649 1077 14508 877
11 6 1810 3
11 6 3 1149 3232 3612 64 13883 77 8637 446
4 138 631 3
1751
490
1 6
1 7
3
1608 3 5076
6 3
11 6
11 3 22088
1599 616 3
11 27 6 347 56 303 215 21 228 232 827 969 260 281 6806 1021 1848 832 14 97 99 397 559 710 3613 1743 112 118 1071 715 4065 64 4789 7220 3955 205 5893 10715 1503 1504 1505 5894 1506 7724 7730 1507 442 453 786 455 2332 3957 1566 4611 4970 137
1 294 3
6 3 24
4 1180
993 64
3 879
361
11 1164 27 6 18585 3 7 15743 87 4238 1822
27 987 5153
11 987 1 218 6 235 236 3 2448 64 148
3 4368
1 6 3
11857 11 72 40 6 3599 24947 3514 3 2451 2452 2413 998 584 2093 64 670 316
3 62 652 39852 552 727 1833 670
329 91 3
9798
6
1 6 138 3 12864 2169 1498
69 490 3513 1 218 6 20060 578 686 1644 254 221 25 3390 148
11 1 6 4303 83 7 205 7975 7730 3910 1507 85 86
6 83 7 3425 446 2889
1 6 993 5629 3
11 1 218 6 56 254 235 236 514 1033 1034 1130 3501 1652 1131 525 1518 526 1134 527 2283 528 1519 529 1135 530 2284 2160 3 22397 77 424 148 867 786 2287 472 2826
1 969 93
69 11 218 6 931 3458 7894 3394 504 2094 273 148 438 793
11 27 657 40 659 661 6 2181 16792 3 278 7 5080 2387 321 435
4 1850 19095 3 64 7
69 1 6 11542 3
16801
6 55
11 3
11 1 6 970 598 3 3929 5565
11 6 215 1035 4030 1845 83 3 64
3
905
993
1164 6
6 556 16432
622 6 303 3484 3 6707
27 6 13822
1581
3
2021 11 1 6 135 452 1733 3381 467
4279 3
6 3
6 3 5655
3
11 218 6 303 13822 148
11 6 3 14 110 132 64
269 6 2 4243 303 7809 5254 504 3182 1181 294 3 77 6282
11 5569
14915 11 40 6 3363 668 3 4215 3007 3008 3009 1720 3010 3011 3012 3013 4216 2140 4217 1721 3014 2141 3015 3016 1722 3017 3018 3019 3020 3021 3022 3023 3024 3025 3026 3027 3028 3029 3030 3031 3032 3033 3034 3035 3036 2822 3037 3038 3039 3040 3041 3042 3043 798 977 2142 3044 3045 438 3046 3047 3048 3049 3050 2427 3051 3052 446 3053 3054 3055 3056 3057 3058 4218 3059 3060 3061 3062 3063 3064 968 3065 3066 3067 3068 3069 3070 3071 3072 451 4219 4220 1728 4221 1729 4222 4223 4224 4225 4226 4227 4228 1730 3073 1731 3074 3075 4229 4230 1732 2339 1733 3076 3077 3078 3079 3080 1734 3081 3082 1735 3083 1736 1006
11 3 7
6 1837 294
11 612 6 1548 1549 1550 1551 1552 7743 1553 2068 889 632 3
3
11 27 6 28787 378 7 1956 5788 1496 1498 11579 205 1960 17539
11 1637 215 3 2480
900 6 294
11 1 6 3
3 7
3001
11 6 89 3
3 5848
11 1 6 631 1532 3
484 14051
6 8916 3 584 16814 5565
6
3 7
11 490 6 2342 55 773 1759 13028
11 1 6 138 10161 4876
246 11 928 1 6 1536 3
6 2835
246 993 496
3
4
11 6 215 3 278 10859 423 737
11 4 6 55
69 268 11 146 1 6 4162 20368 138 364 25 15770 3 2145 316
246 6
11 3
218 993 3 13065
11 6 737
11 6 10247 10056 9864 17441 16794 2342 6384 8020 18174 19602 4559 21471 2833 27711 14817 7313 12836 8581 2838 7871 11270 2840 6155 215 4256 1946 1800 7373 3623 3 1848 832 1955 1956 205 1958 1960 1961 2852 1963 3250 206 4403 5930 2817 4409 6053 10530 135 136 73
3419 1063 11 799 987 1 218 6 2821 4562 1035 64 2946 670 3638 737 136 148 2303
54 643 7776 138
11 27 6 590 934 1763 7 1764 400 3922 206 5402 942
218 6 138 631 632 1685 255 2034 1806 25 2040 90 2049 273 644 64 148 3020
3155 269 11 161 2086 40 659 6 512 1628 1631 1707 1708 5059
3 64
7
69 1 6 17355 3
6 3 5203
269 11 6 1065 631 3
3
4133 6
11 27 6 30882
3885 6876
3560 506 268 2020 11 987 1 6 857 7925 944 1658 1918 2026 1738 3695 556 5105 303 215 2844 138 1118 686 863 2035 364 155 2041 688 2044 158 233 368 369 1132 140 90 691 2050 3804 273 3 135 77 2357 3835 136 148 667 5115 432 587 2428 1655 788 6374 10279 675 9833 9011 18009 4548 2967 2144 573 916 494 224 6868 836 245 144 2018 469 5759 4046 4920 3131 12776 3417 1142 12678 316 496 498
11 6 1839 220 3
635 6
6 55 3
4 17 3
1 3
27 3
14868 1
6
8063
5092 5093 4831 5094 4376 4832 4833 4834 4835 4836 4837 4838 4839 4840 4841 5101 11 218 2069 512 2952 826 3501 9120 17050 9121 27538 11452 3502 13806 21802 17378 64 148 1720 2143 1730 3075 1734 467 73
6 15964
54 3 28764
145 1 3
554 11 218 6 352 548 1145 4759 12 690 306 843 3720 3 64 730 2981 4800 563 148 438 494 470 6015
69 1184 1185 1186 1187 1188 1189 1190 1191 1192 1193 1194 1195 1196 1197 1198 1199 1200 1201 1202 1438 1439 1440 1441 1442 1443 1444 1445 1446 1447 1448 1449 1450 11 490 1 218 6 78 15586 614 215 9153 4246 16474 9925 8965 17108 4253 16059 1800 22059 4288 25034 21716 9691 4294 4605 55 2118 2119 2029 542 544 254 5667 2178 5668 3682 1686 1124 2155 1514 2871 9799 3992 1689 765 2037 766 155 5671 258 3143 768 5188 512 1131 3880 7466 261 263 3 128 60 64 15430 3638 567 568 6792 569 5362 148 27165 1733 467
354 11033
643 6 3
508 11 6 56 1917 1808 515 1608 516 5690 884 3 865 3488 833 64 723 724 5652 135 290 136 1101
6 233
11 1 6 512 3 4471 4472 14 8237 3489 4042 118 1071 3809 3085 130
6 993 3
11 3320 603 1 2024 314 6 40666 555 296 302 303 7413 546 1810 83 3 64 438 482 3988 4981 3937 3195
828
146 1 3
11 1 6 1465 7 438 266
11 13069
6 21056
11 275 987 1 6 3 148 667 316
4990 14660
3
2019 269 218 6 4242 2026 1616 555 5375 303 255 824 230 764 512 688 1703 259 515 772 371 4507 4755 970 1025 3 584 13892 148 2184
11 6 3 14624
6
3 934
3155 269 3001 1 6 3 24755 11494 587
11 1 161 657 658 40 659 665 6 247 3 14 148
69 39 324 325 326 327 328 329 330 331 332 333 334 335 336 337 338 339 1305 1436 1437 1440 1441 1442 1443 1444 1445 1446 1447 1448 1449 1450 3864 3777 282 3865 2109 2110 2111 2112 2113 2114 3866 3867 3868 2115 2116 11 7318 31552 15409 8832 8097 640 7769 7779 7788 6402 1997 27 218 6 18307 7006 859 1888 10678 3680 139 55 1065 3504 3514 578 3139 354 2258 355 20 3337 845 21 5668 3682 1124 255 763 256 363 1806 229 364 155 768 512 1696 1699 1628 1705 259 1631 1707 158 3140 2268 1863 3512 3120 1464 4739 2821 1030 4562 774 2281 775 491 4507 777 2959 2403 3473 4752 783 6621 2285 672 2061 5572 192 7342 7343 204 28 7 2226 32 77 148 1141 434 438 4473 2304 316 678 4373
1 6 89 1857 3 737
4 1 3
12054 10625
69 27 1 6 28 7 1834 7699 400 32
246 218 3 15325
4 987 218 6 138 273 3 1485
6 3 7
1078 3 7 316
11 1056 6 3 126 77
55 7593
6 3
11 6 215 1597
6 3
11 6 3 6976 6977 5565 492
11 6 10891 55 3 1073 5485 711 960 644 64 23
11 6 12486 677 316 496
1490 5649 3
11 6
3181 3 64 77 35361
11 6
11 27 6 3 7 49 3283 1496 205 85 86 423
278
329 6 237 3 7
11 1 6 30902
11 6 13269
1524 11 291 40 314 6 3 77
1 644
2326 11 4 987 218 40 6 2346 317 349 78 2103 1456 5878 8058 303 1144 1681 627 3333 1698 1628 1704 1630 1707 2952 1863 1864 237 370 381 3141 3 3613 960 2409 5565 438 458 2144 573 6715 3417 316
11 490 6 2 32720 3
2024 3 3272 77
2 14314 3 8153
6
8886
11 6 3
2 19225 3
6 3 1051
6
11 4144 6 11593
13678 3 2223
490 1850 1 648
11 2 10055 5241 2342 3
6 26230 3
69 11 6 25 3 397 120 494 837
11 1 6 916
19110
5 1 6
275 590
27 1
11 27 2024 314 6 2 83 28 7 32 32830 3422 85 86 87 136
11 6 3
11 6 3
11 27 1 6 3 14 4634 7148 7149 584
6 294 13720 14434
6 2 3 6462
11 6 353 4990 3318 1149 7672 633 445 573 916 677
6
6 3 3565
11 987 6 55 3 5836 6293
4 1
268 1580 11 643 27 314 6 3 134 9012 2303 916 2145
11 6 55
11 27 6 302 11525 2836 14837 1991 2843 215 378 1570 6707 205 5890 1575 4361 10330 1507 1509 1510 925 2354 1529 321
4 1742
55
6 863
218 1919
3
15728 27 6 2596 2603 2614 2615 2616 2617 2618 2619 2620 185 2683 2769 14514 14515 192 3891 196 198 13965 204 28 7 1050 32 2847 8777 2848 16161 37 6512 6513 2395 49 209 1774 7390 87 136 438 9065 446 499 886
17 3
11 2329 3 4777 21882
6
11 657 40 4015 3456 665 6 2192 3 916
6
3
1 218 11292 148
11 218 6 139 138 1460 3717 4577 1462 154 3574 1119 3118 901 21 1534 4705 903 579 2029 1568 2263 1691 1985 4723 2264 25 230 232 3647 158 1651 1132 372 3348 2133 93 3459 14 96 3919 1715 628 97 98 99 397 102 103 1716 104 629 559 710 3613 4042 3787 107 108 109 1744 4631 110 111 112 113 114 4320 4321 115 4632 1745 4633 1854 116 5387 4044 118 1071 852 10652 119 560 562 1717 1718 3809 125 4634 6302 3460 1719 2057 128 130 3810 3788 131 132 64 148 667 438 137
1 1592 342 4163 1884 1904 820 21294 4201 5041 1912 8850 41 3680 619 13427 364 159 380 1166 7827 64 468 3416
6 3
11 1637 27 6 1651 934 28 7 6428 5803 6777 2226 13892 6451 12497 8696 8352 16344 29 8699 32 8132 8133 15944 19618 5852 5853 4791 22391 10308 3324 1781 13053 9015 12727 8777 3859 14182 1783 26281 11367 20748 11309 13734 13070 2848 22507 10277 6966 17270 1154 1784 1785 1786 1787 1788 1789 1790 1934 37 6510 6511 6512 1935 10314 16137 11704 14586 8778 20516 8957 20634 16146 6952 15275 11932 9973 6090 6049 8717 10039 1969 8906 1068 87 2230 2867 4238 2242 1868 8171 421 12458
4756 12003
11 3826 6 379 3 7 1742 2864 321
3560 11 987 218 6 989 512 521 2136 148 1925 16469 473 316
3
17 6
11 218 6 13395 2952 370 1751 32 148
6 55 1065 4002
11 1 218 6 56 3514 255 512 1131 672 83 3 10654 148 667 1183
294 14587
27 77
11 6 77 453
937 3
3
13538 1 7 13198
11 490
2206 11 6 2159 5698 77
2 2272 3 11321
3
11 6 5510 3
69 11 27 6 764 882 3 278 2331 3928 6896 1639 20506 7 37 49 8007 88 6949 1980
11 1 218 6 5619 55 356 358 379 4040 148
6 17698 3 5940
11 295 27 1 6 1770 2159 1772 278 7 6876 205 87 6835 6890 2310 568 9011 2303 5934
11 6 3680 364 2042 259 1748 22583 1751 3 3820 292 9071
3969 11 1 218 6 342 3492 8555 5368 2027 3386 5878 7937 3794 7945 350 555 556 4962 38 1539 2069 578 1754 1838 354 1644 2070 6760 3870 154 1685 1690 2034 2035 364 8956 25 230 2377 258 512 1697 231 156 1600 1628 688 232 1601 1129 1629 259 1631 1707 158 368 2952 3120 3458 1709 234 236 237 826 1033 370 3798 1652 1131 772 650 2280 2124 775 491 2874 1132 140 90 778 260 4001 281 3607 829 305 2159 261 262 263 504 83 5591 7040 9614 1069 2172 1714 1021 706 7070 11476 3875 865 831 709 109 2917 125 126 960 833 3124 5023 8387 5236 584 815 644 64 5975 15679 2195 5526 531 2425 563 312 5720 3407 4101 148 3409 630 435 587 2426 441 446 448 787 4782 455 1655 2889 464 73 870 5063 3129 836 3957 838 470 2251 471 9148 7864 564 839 9542 1486 3493 9460 2826 3418
1 6 55 35855 3 64 11735
11 72 14834 218 6 5247 1458 298 247 3139 259 1034 3607 5052 2159 980 8381 5021 1667 4025 3124 1477 652 1478 6179 717 6986 3491 939 5236 2421 2060 644 64 4068 4069 1671 1672 724 729 5755 1152 3816 670 787
3
6
488 27 6 78 18753 934 7 2852 879
18148
11 6 358 7
1524 11 314 6 55 760
6 138 889 1131 504 2298 14 9451 64 5923 7 3210 7841
4416 986 11 2009 1 6 351 555 9 3258 3387 863 1810 1019 90 521 3607 2398 18545 3 832 2419 3404 3405 2357 531 3631 2185
1
11 6 55 159 380 3 1559
220 21312
3
11 6 138 2048 273 3 11620 136
3 6100
1 6 2 3
55 1751
6
6 55 3 474
1056 217 6 3
14262
21285
11 218 6 278
6
324 325 326 327 328 329 330 331 332 333 334 335 336 337 338 339 2327 4055 8316 3243 4056 1452 554 11 6 1770 56 666 4058 303 1679 247 1648 4721 3945 2329 229 364 25 582 230 155 368 235 237 4755 260 1025 44 14314 696 3804 3 706 2356 14 99 1743 6173 3810 3812 64 7 422 866 482 838 144 2018 473
3
11 2324 6 56
3356 26107
1 6 24929 254 115
6 3
11 6 3 584
90
8491
11 27 6 3392 1138 28 7 6428 2226 32 37 10040 402 5517 280 2148 6420 87 3425 3478 88 8413 321
6 83
3348 20788 7304
324 6 29180
11 922 1 6 215 55
1 316
11 6 3 77 633
616 6 5598
5
11 54 19502 1 6 138 155 3
11 1 6 2026 3695 1679 247 6899 155 4060 158 90 46 379 4040 25376 3 559 1071 131 7969 64 6250 5707 1671 726 7 866 136 292 587 2145 17190 677 1817 1818
1823 5037 145 489 11 1177 1 6 1738 3257 4962 548 138 5625 773 650 2128 2129 1035 2130 1810 598 523 7285 1024 4963 588 2886 12 974 4616 3144 2943 13375 1044 3431 3391 376 8066 305 306 12423 8258 3226 697 5874 4965 2006 2192 273 3124 6986 3985 64 726 730 205 321 135 290 737 7510 438 494 1009 2948 473 1011 793 495 4012 496 13100 15516 1014
6 3
2 3 7 51 7574 6487 1496 1498 205 9683 879
11 218 6 296 2192 3 77
246
6 514 316
11 801 27 1 218 6 4242 4005 511 303 2190 2157 4563 260 281 504 1956 77 148
4 622
617 1581 6 3 73
2
643 6 55
1 6
55 3
3 4883
3003 3
6 3 73
9475
8682 28779
3578 3 7 316
3966 900 11 6 14306 1836 347 1534 228 5254 1981 579 8029 19343 3 4628 102 2062 904 4046
1164 55
1 6 3
11 1 6 9857 1920 89 3
11 27 987 218 40 659 3180 2024 314 1182 6 1911 56 4071 684 2121 1839 763 256 363 364 237 864 2399 2400 2808 148 839
11 485 6 3 77
11 4 6
3
3
330 4 218 6 139 1130 773 1035 3436 90 3 10768 148 3654
1 423
11 640 27 6 3693 1463 7 1529
3 442
11 4 658 40 659 6 34269 378 294 83 3 2145 316
323 3 446
27 6 55 166 204 7 11094 3276 1956 7433 1495 3905 1496 1773 1497 1498 1499 205 3292 2817 3208 2229
4018 17939 3
2
496
77
3
20142 1594
246 6 3
269 11 1997 1 40 659 6 901 1112 2042 1705 1706 1708 2088 3 3778 3397 4636 132 8288 9623 813 9753 584 644 64 9298 5856 3821
11 288 6 1884 3
11 27 6 361 1531 49
2416 584 64
11 6 1810 8227
269 656 2 993
251 6 14724 77
11 4 6 1646 3 407
1 6 1770 8790 633
40 6 13627
2344 1 3
6 3262
11 6
3 448
3315 6 3
536 212 134
6 215
1 6
2309 6 25174
993 16942
6 590 3 938
10345 6
11 6
3
6 3
11 6 2 3
1035 16352
648
1 218 40 6 361 1124 221 1806 83 8009 148
11 4 490 6 4310 3 14
6 28160 64
2115 12545
6 6810 3
6
3
11 288 291 1 6 4005 9440 1132 1146 3322 71 77 1141 446 452
1 3
269 3196 3
6 7172
11 27 1 6 3
1460 3
11 6 3 2172 136 1101
69 1871 11 483 1 6 857 1884 4203 56 2162 863 747 25 230 2041 231 156 688 1651 233 367 368 369 236 514 1465 3798 1517 2124 775 4507 598 12 1830 4616 3348 1710 3804 3322 2164 8268 1718 129 130 3788 131 6367 730 4593 7 438 445 787 473
11 1 6 2568 71 999 77 633
11 6 3
6
11 27 987 1 218 1489 6 138 13092 3 204 265 1138 2331 934 7 32 3283 3284 1496 5344 205 1503 1507 7352 10722 85 1155 897 209 5351 3150 1090 1091 1092 1978 211 87 2302 214 17548 22264 1868 421 321 3070
11 1 6 3
13132 3 136
11 275 603 1 6 3 37271 37272 61 644 1720 1725 430 446 869 467
11 4 27 1 6 49 205
27 215 1648 3 18521 266
11 27 6 753 56 138 512 235 236 7811 1132 3850 1610 672 131 1475 2371 278 7 879 453 786 1923
27 1 218 6 7 2847 148
55 3
314 455
11 4 6 215 520 522 3486 7 77 534
3
6 3 3329 11920
509 1065 631 2886 159 3 77
1057 6 3
11 6 491 5502 3 7 434
77
218 3
69 4 6
6
6 55 3
4 1180 6 9445 12037
11465
2309 1 6 631
11 6 378 830 397 4043 4631 113 2938 2139 7167 552 729 731 290 737 446 73 2303 573 916 2145 4571 5068 494 13954 5063 469 470 17656 4901 4508 8081 1923 316 678 10282 3890 4940 1818
490 3003 136 148
6 2 9144 17918
11 6 747 364 2951 135 423 737 446
218 6 3692 294 20515 21850 2452 5731 2407 3262 8558 5171
1 3249
11 1017 55 863 91
6
4 1779 6 2342 254
4 648 3
1858 1639
4165
3 64 737
8256 91
1 6
3604 11 52 6 135 136 1101
158
1490 3 6377 13044
6
648 138 20347 290 737 3034
6 20383
11 6 2 3
3
6 3
3
3 7
218
11 1 6 55 21 3
11 6 510 215 364 1531 3 8359 11433 7071 6596 7077 7079 3874 8269 9229 3875 10986 64 9678 3776 77 677 473 316
6 3 4228
11 6
69 11 987 6 77
11 3356 6 3 7 2850 2232 2396 2234 15122
1 2812
69 2985 9866
1524 11 17 2024 314 1182 6 397 13684 737
6 294 3
6
6 12495
6
490 3
4035 6 1769 3 136
506 11 1 218 6 3680 138 361 1034 273 39202 14 5385 2879 7 136 148 3065 585
3
1888 294 3 105
11 20052 1 6 2 3971 3
11859
3 1786
11 1 657 40 659 665 6 3577 8903 3 5378 670 567 2310 568 6792 569 148
1
11 6 11237 303 55 3
4 52 6
11 532 6 3364 685 254 361 221 1131 3
11 218 6 41 1738 215 514 7894 526 1134 527 2283 529 1135 530 2284 46 3 938 1037 568 148 316
11 6 5344
64
11 27 6 559 128 5744 5745 61 5940 4065 584 2061 644 64 3653 2525 2531 2534 2537 2544 6754 9108 9109 2559 2564 2569 2572 10553 2576 2577 9110 13361 2578 184 185 278 2852 2868 8988
1 6 1025 3
3
11 3
11 6 19955 3
1779 6 3
11 6 2094
218 152 354 1644 3197 759 357 1462 154 237 3 148
3 9833
11 6 2 1144 254 361 9799 12937
69 5315 11 27 6 83 3 7 49 85 86 134 87 423
3 981 17652
4 4250 13313
3 10584
246 1490 18306 3
14091
1 215 77
11 4 27 6 1065 281 3
11 1637 6 294 3 11780
27 3
11 6 3 11489
6 45 3 73
3
8748
11 6 77 446
2204 11 640 2248 16036 8618 160 6544 2150 270 1 218 6 215 1144 364 1810 90 521 3348 248 294 3 6281 1174 64 4618 563 1141 4045 492 493 3255 2082 4981 468 4509
3
3 64 5426
3
152 273 5655
3 3166 6128
1 6 380 1740
6 78 55 9757 3
986 11 6 2 991 303 259 491 1810 667
6 3
11 749 4426 218 6 3 644 134 148
11 1 218 6 1603 4806 1464 1808 45 5049 379 5572 737 148
27 55
1 55 3
11 1 218 6 255 824 17742 3 1068 148
11 218 6 845 1681 1841 4643 8586 148
11 218 6 1458 545 2118 2120 228 6663 379 283 4768 273 148 452
4
11 6 20233 1608 24860 3 633
11 2009 6 138 514 1808 516 525 1518 526 1134 527 2283 528 1519 529 1135 530 2284
11 6 9444 138 631 1144 512 1707 234 371 8750 48 5016 3486 1174 669 149 3124 5243 2878 584 644 64 3652 7 2195 5819 567 2310 569 77 148 438 452
151 4416 11 27 6 4495 3542 857 858 2176 5126 2346 3091 1900 4175 7801 5394 2 3543 821 4196 1910 4203 944 1919 89 2025 862 6516 5368 9 1144 686 354 357 901 539 4708 1535 540 358 2029 1536 57 364 369 4731 3389 827 1132 1019 90 777 3390 1025 9536 829 2398 3519 689 5340 842 306 379 380 2164 830 3 5058 831 832 119 131 6247 1481 49 135 5758 567 2310 568 531 24 867 435 587 2426 443 444 446 4218 452 1726 787 3412 4219 4222 4228 1655 1023 4229 462 464 916 837 3958 3959 2018 4604 1485 2819 2318 1008 4930 2185 3962 474 793
11 987 6 232 19198 2251 564
3 2457
246 2952 5573
6 8545
3
218 6 16964 3 7 316
6 590 64
11 1 218 6 303 361 747 46 2051 2052 71 135 999 1000 77 148 452 453
3
11 6 78 89 303 2303 316
3764 27 6 3
12755
11 27 6 491 3 934 28 7 2372 2226 29 32 26281 3860 36 1934 37
1 6 4624
11 1 6 2886 294 3
1580 269 11 1637 987 218 6 215 138 512 1698 1704 1631 2269 236 3223 273 3 4101 148 667 676 29173
69 11 27 1 218 6 1603 3790 89 3361 303 1462 762 254 361 25 235 370 46 2105 1147 25538 64 3776 7523 7573 3897 3898 1955 1956 3899 49 3691 1058 2804 51 71 999 77 885 290 737 7844 563 148
3 11302
11 6 20016 25221 23907 421 662 136
6 7
2258 3 7873
801 3 8637 2318
11 6 303 3
27 55 3
3873
2 6556
4 490 603
15857
276
11 6 3 73
1 808 3
6
4315 2186 64
11 27 1 6 21 1810 14 2897 2908 118 1071 120 127 64 4779 7 12015 5177 2387 321
11 1078 6 2952 3
11 6 3
1 3 10400 64 1813 2980 5710 136 967
11 6 582 28166 6424
11 6 55 136 3725 13048 6224 8585 494 3587
29483 11 1 6 512 1632 1131 3 64
40 294
10455 4987 6710 145 11 6212 1569 1 6 1872 1900 1769 56 3117 64 7 135 675 6974 871 3129 9424 5943 1926
4 6 3 16401 563 316
11 6 892 4046
7510
5613 218 6
77
484
11 4 6 138 3182 91 3 211
11 27 1 6 3 29942 7539 278 1138 5574 5575 16877 2331 5849 4074 9156 12780 6896 1639 28 7 1931 2226 6508 32 1978 211 4413 87 3478 88 13639 8144 1980 11754 214 5819 567 2310 568 6792 569 5362 7762 438 73
3
11 4 2316
11 3090 6 77
489 6 3 7
24822 3563
15529
3
6 3 3874 13065 22876
39 11 1 218 6 5621 253 579 361 1683 6563 3 4594 77 24 148 793
6 3
6 3977 215 353 3452 3 14 2921 2928 7138 85 737 4357 73 3534 3535 3536
11 1 218 6 4442 1839 5662 1106 863 20 64 148
151 269 11 27 1 218 6 3091 624 944 1754 1838 1644 1645 21 228 1841 2177 1535 540 1536 254 1685 1691 2035 1806 364 25 1693 2038 257 155 1857 768 2040 231 1600 232 3647 259 158 233 513 1464 4733 1517 2280 4652 1471 3 2361 265 7 2866 148 870 2332 877 7864 3960 3972 472
2324 6 91
6 3
6
4 6
684
612 3
11 6 22478 3
6 294 3209
11 314 6 773 4030 3 7037 2059 64 8783 1612 13428
4 1 6
17691
11 218 6 10572 925
4 849 6 3 23124
4506 11 1 6 3111 56 3386 1807 1601 368 1863 1037 71 999 1000 77 425 432
525
6 22828
11 6 215 3
6 138
1 6 83 3 7
1 3 5655
11 1 6 901 3 1714 716 64 2194 729 290 737
485 235 73
622 6 901 864 1469 2399 2400 14364 575 3820
1581 6 13804
3
69 39 11 6 2374 2262 355 153 845 762 21 5665 379 3 446 448
1
590 18853
6 3
25876 16446
4 6
11 27 40 6 11232 548 302 138 7491 12 1830 504 1714 2876 704 4523 1715 118 125 6302 8374 5262 5737 60 6233 8379 714 3086 8380 1477 1478 964 4617 3583 965 2417 2418 2419 644 64 1813 2981 731 670 7 49 7580 321 135 452 793
801 27 1 6 512 83 2331 13252 13253 10119 10120 5380 5849 4074 7 6284 4098
4 21 3 3910
55 64 461
1247
11 488 1 218 6 4172 361 255 5579 148
69 1214 1225 1236 1247 1257 1260 1271 1282 1293 1304 1305 1316 1327 1338 1344 1345 1346 1347 1348 1349 1350 1351 1362 1395 1406 1417 1428 1429 322 1430 1431 1432 1433 1434 1435 1436 1437 1438 1439 11 638 640 987 218 6 253 354 4345 20 762 1607 1517 3603 21390 3 865 134 737 1077 148 292 73 573
11 4 6 2159 1609 547 3206
4 7122
4 6 3
11 1057 27 218 6 215 1801 278 49 2357 3835 148
6 378 4990 7
91 28969 3 2143
11 6
329 1 2
508 11 27 6 138 49
617 1 3 29142
35747
2303
3
11 3
114 2963
11 27 6 1751 28 398 1060 9085 7 399 1834 400 5577 9089 32 8468 135 136
11 1 6 1455 8850 1564 220 539 1536 2952 2132 521 522 3718 43 3648 44 3518 2942 4360 4758 2886 8091 7512 6812 248 380 807 3 2221 423
11 880 509 7973 27 1 218 6 2941 138 3117 5102 4691 1680 1121 361 1647 582 2951 155 2040 1034 491 1019 90 248 2181 6621 263 3206 379 2875 1710 148 667 18452 1006
6 5753 7
11 2009 270 6 215 55 3 205 77 1031 534 633
6
3
11 6 3 438
1 6 294
6 3223 294 15218
69 2019 151 2020 1580 4660 11 2309 293 6535 1 218 6 4684 41 10840 5510 1804 9355 271 2025 861 2103 619 3385 1168 4058 7937 139 1457 555 511 296 5044 7522 851 3692 3693 3795 6737 993 1118 17470 1754 686 1838 354 1644 2211 2261 2262 355 220 1680 4444 1840 3765 2212 687 20 153 4577 1119 761 762 21 1681 5653 627 1841 13427 3213 3214 540 800 358 254 221 747 1568 4722 1690 1691 4724 3449 763 3945 57 256 229 1824 364 1692 25 582 230 2951 2377 257 155 3645 768 365 741 2040 512 1600 232 2267 259 233 367 2952 1863 2270 234 235 1464 826 370 1131 4809 772 2124 491 1132 90 141 142 3390 5491 3694 537 2190 5695 43 970 260 281 1025 44 4756 46 379 691 2214 4989 1710 1654 6820 696 382 784 3649 3123 7827 7828 699 26524 4448 18619 4462 29825 27353 2053 2054 30738 23771 15025 2055 9718 9176 9177 10091 8796 17356 9179 12859 12849 22166 21802 12438 31591 18346 18355 3 5630 3232 2453 7544 1481 4312 5326 9569 4597 866 4332 1077 424 6303 136 148 667 3974 8459 3724 8926 292 1724 1725 630 2426 1835 13993 5012 444 448 4581 449 454 3412 313 7244 573 870 2332 144 2826 316 678 499 886
2081 6 3 7 3676
4 1 6 625 12605
145 489 11 6 2 675 4548 927 316
269 11 6 3
11 3
69 11 27 6 6589 78 5713 5430 9262 9263 5941 10253 11471 735 610 7 205 2852 737 499 886
70 1 6 4043 1513
11 1 218 6 1460 3717 4577 357 3118 5108 148
4 72 6 3 2142
880 6 2 1801 378 4068 136 446
11 3
11 6
1180 3
11 3
6 15460
27864 770
69 6 9683 316
3 107
8031 554 4660 11 8609 160 6544 40 659 665 6 342 56 1919 4058 3258 841 993 1118 686 540 582 155 2270 1709 234 90 521 6856 260 281 373 864 2400 380 1654 3141 696 699 3 706 3374 558 1716 116 2412 3754 135 3820 3102 2425 3198 136 1101 3974 9071 630 438 449 451 452 453 455 1002 458 585 494 7764 3103 877 144 6716 470 2251 1009 2984 266 3631 473 316
11 218 6 3139 255 1034 148 482 316
3
337 11 6 3
11 6 27774 261 262 3 667
27 1 6 1593 1890 2 4183 55 138 1570 83 3 278 7 1956 3899 8153 1495 6874 6875 3905 1496 1773 3922 5344 8503 3285 3907 1500 4391 205 1958 4395 1960 746 8979 7348 1501 11953 1574 11593 19947 8126 1575 8504 11954 4361 10761 10330 3910 1507 8688 10721 11955 9025 1508 12696 1509 1577 11957 7351 6256 8469 1511 10723 5895 17733 5559 11583 925 8998 2354 10731 3286 11778 5445 6704 15260 8468 1051 1052 1178 13399 9930 9192 8922 10854 6290 11010 3926 4402 5930 8157 3290 3292 2817 4404 11984 3208 11694 5842 3927 2228 3331 6294 14476 2229 667 446
6 3 77
6
4 1 218 3 22522
6 3
2019 4515 11 3320 7784 7788 6402 4503 7792 1997 1 218 6 351 296 303 4442 1644 356 687 1534 579 254 361 2179 763 3945 364 233 2269 5682 1618 3501 2953 5685 882 1030 775 4507 90 777 1025 45 864 2292 2181 46 4769 2051 696 672 83 601 135 423 885 148 867 438 494 8827 316
6 55
11 6 55 583 3
324 329 338 339 1063 11 9725 2150 1 6 1626 56 228 361 1683 1648 2273 1044 3452 1612 135 427 3974 428 3045 2183 429 1723 437 438 445 446 447 448 4581 449 450 452 458 313 3728
145 6
11 1 6 20 83 3 7 85 8874 8875 3423 77
11 1 6 5044 5370 520 522 781 1858 537 3121 2157 672 3 2015 644 64 18345 3821 1141 434
2 8047 26573 3 4880
11 6 17465
1 3
1034
11 3456 6 55 138 1144 650 3 77
11 275 6 4793
2 3663
11 485 1 6 1113 3979 372 716 64 434
11 27 6 83 7 10292 85 86
55
1824 3762 3182 8899
288 1044 3 3408 446
1
1
3951
11 488 314 1182 6 3
218 294 3 3613
6 3
6 294
55
1524 11 27 218 314 6 753 2941 5044 255 4727 1030 4674 1468 491 1132 4336 781 537 672 3 7 211 3423 8558 87 423 77 2357 290 534 3407 148 1141 434 435 438 445 744 2144 2196 2318 316 3889 6697
11 4426 1 218 6 357 21 2216 692 693 7056 64 7232 7233 148 438 34925
993 5543
11 1 6 1770 3224 273 3 534 3014 3024 2143
11 1 4588 570
2022 64
55 3
11 2344 1 218 6 5076 4390 148
11 218 6 515 1719 148
55
6 3 7 5901 494 316
1 6 3
490 218 15141 3 14547
1515 3
3 109 64 3700 866
1857
11 6 514 1808 4737 516 3736 2439
11 1 6 138 9406 3 662 136 438
6 15731
11 6 90 521 522 780 3
291 6 3 7 3069
484
11 4 1 6 56
55 590 294
11277 215 15229
73
11 6 138 1748 294 83 446
11 251 27 6 3 16145
4 6 25272 662
4315 3764 6 446 4951
6 294
2213 15815
11
6 14341 3
6
11 1 6 19386 3 14 108 4631 2139 129 130 131 64 423
218 6
3
1855 27 1 6
506 11 70 6 2886 12 1531 730 25880
218 6
6 22601 3
1 993 3 39545
294
11 640 5192 270 6 993 1118 2952 3 667 245 1752 316 495 4012 496 574 497 498
6 148
27 1 6 215 3
3347 64 1952 319
899 3155 269 11 638 6 1803 857 858 56 5878 303 55 1839 762 21 1121 2178 5668 4720 2155 8053 233 3 5737 6123 5969 7493 2364 9244 5059 2419 4774 644 64 3885 2456 4618 3404 6150 77 885 531 4584 4602 1614 563 446 7468 457 3103 871 872 3879
1 2
3 22779
9380 269 11 6 991 303 5242 828 1990 504 5961 3230 3
11 6 55 1825 378
11 1 6 4961 4962 864 3348 808 3 558 312 438 1002 482 10266 8494 4514 6718 316 678 496 3587 498
11 40 6 2942 77
6 55 3
3
7
3
11 1 6 4722 763 363 715 19088 737 933 742 738 9071
18341 3 64
4 3589 1564 2181 1956 8039
11 6 3
11 1177 6 55 5832 378 5833 3 8076 5819 568
6
590 77
152
27 55 138 1956 2801 205 1960 5080 2852 3923 505 1963 1052 3208 897 134 24
6
11 6 91
11 6 215 1144 1941 590 3 7 4431
161 3126 13341
11 4 6
3764 993
1 6
11 6 18214 2145 11371 677 316
11 3315 138 934
4 15726
11
26530
6 3
11 6 3 838
361 18010 3
1 218 294 3
54
11 1 6 3 5995
2324 6
27 6 993 230 7 7906 897
1458
11 1 12929 73
145 489 11 3347 532 3090 27 1 218 657 658 40 659 660 661 665 6 1900 2 3790 753 5040 1741 3549 1738 1564 615 6118 302 6844 6845 5241 2342 1991 546 138 354 2258 220 4703 760 3574 762 230 512 1694 1696 1698 1699 1700 1628 1631 1707 2952 1034 3501 370 1131 882 1608 518 521 1812 972 598 523 588 1044 378 1570 810 3595 273 6846 83 584 64 6847 278 1049 265 7 5142 897 87 1980 6848 6849 4238 2231 422 135 423 77 738 6850 563 4104 633 148 6851 2224 1725 6000 430 6852 431 435 587 2426 1835 438 443 446 4218 786 3411 3413 4227 869 1023 460 1736 461 462 464 465 466 467 675 2145 6853 3383 2146 2948 1656 678
54 6 829 6628 3
4 1 33580
4 2985 27 91
11 4 6 1770 7 8143 87 4238 2242 5819 2310 568
11270 400
11 4 6 16134 2867
27 3
11 11137 6 11138
11 218 6 5188 3
11 1 6 2888 215 138 3
622 3
3
4 3
11 6 87 3075 467
1
69 11 27 1 6 1144 13781 92 3 13984 13991 15112 1067 4624 4625 6267 6269 2448 8223 3262 397 102 1559 103 132 14859 6278 1073 7544 9450 60 2058 6233 961 8378 8379 6140 62 3399 11548 652 1479 6179 717 6986 6157 3491 17056 6123 1151 8929 9242 7493 2364 9244 5059 2945 5750 13031 18447 2413 12043 14129 10744 5971 5972 2368 5752 2417 584 2059 2093 644 64 1481 720 3758 724 1169 5976 726 1588 1833 670 2457 9787 3776 278 5574 7 15791 12790 8444 8808 404 6101 17106 207 14930 9008 14931 8810 8813 9682 12798 19169 12909 14941 8816 209 3675 316
18921 6
11 218 6 350 38 3387 303 249 2135 5110 376 11295 3 11451 5236 5243 64 4800 4801 2982 5312 4802 670 71 568 999 1000 148
294 3
11 6 3 662 136 2189 663 435
11 27 6 1830 3 9602 470
11 6 3938
3 148
218 6 3
11 218 6 254 64 670 14471 148
4 6 55 7
3 148 870
6 1688 7986
1524 1 314 303 5562 9129 1473 2182 131 714 5940 64 4779 6012 3955
2 8190
490 3 3643
218 6 138 253 3 14 3919 6008 64 5028 8017 8018 2361 2371 670 534 633 136 148 678
1 3 12790
616 6 3 136
2124 3
4300 3 85 15941
6 3
640 6 7977 2405
11 648 6 2345
339 4
6 17989 3 3821
6 4467 3
11 1 6
3 9431
14399 64 9645
11 218 40 6 5510 510 303 221 882 2435 5687 17608 6481 3486 644 670 77 633 148
11 27 1 218 6 19 138 25131 540 598 1024 4759 12 1830 3603 6406 1921 4767 2048 2977 2528 2531 2532 2556 6754 9108 9109 2559 2566 2567 2568 2570 2579 2580 2581 185 15784 285 204 278 7 3633 3351 6129 897 2231 148 3937
16066 3
1180 27 1909 204 7 7523 10419 3267 8150 2395 3897 1955 3272 3273 5282 3274 4428 6189 1956 6051 3691 3279 7433 2803 1496 1497 205 897 6562 4415 1868
3 596
1 3 446
246 11 6 20942 3 316
2895 1 6 7574
6 1858 15284
544 3
6 55 135
55 3 7
1 6 3
1194 11 27 40 659 6 303 55 3 3376 3377 64 5028 3553 25416 77 5272 7762 737 4104
39 11 2024 6 3135 537 3121 423
268 2326 4416 1453 11 4315 4647 6535 640 27 1 218 2024 314 6 5620 2328 2026 4058 2027 4059 1456 685 1457 989 555 12571 990 511 1564 2958 1043 5476 3450 2012 4962 3387 299 548 3252 303 10054 1838 354 1644 3197 2442 220 153 357 845 21 1534 2071 2177 13427 3214 4705 4651 1535 540 358 359 1682 747 2034 4724 363 3516 229 1824 25 582 230 764 765 2377 155 258 741 156 688 770 232 5677 1864 235 771 1132 140 90 521 777 142 4675 3390 996 5532 2190 997 260 281 1025 1469 3348 248 375 1795 2134 8065 2136 46 379 694 380 1166 3804 3227 697 3452 2013 4566 4958 5727 3122 3123 2250 4369 4008 4807 938 832 4966 2409 3630 4067 866 3820 3198 587 2428 447 464 465 573 916 836 14453 838 144 469 1485 11063 2185
11 1 6 3574 64
532 483 3 7 316
3
13849 3
55
69 1524 11 218 40 314 6 1457 1643 303 138 1532 2134 294 148 438 4888
11 987 6 89 41 2025 42 138 2163 220 356 46 3218 3 3885 834 2221 148 492 5410
11 146 1 6 56 1517 3 446 462
69 11 6 307 378 18
11 2 3
6 3
16883 27 6 138 3 134 662 136
11 6 215 5497 13341
11
39 11921 4482 5611 5612 5280 4987 3969 5613 6710 3949 3155 2021 507 8316 3156 3419 269 11 3248 1569 1 218 6 20645 11911 4786 89 5618 4439 683 6061 4242 3680 3385 1168 303 11745 2259 1514 747 1691 2035 2036 2329 230 231 156 769 232 158 367 369 1517 504 6449 272 695 3850 1610 2439 273 6239 7086 7087 2298 5019 14 98 629 710 64 3653 722 2388 7195 5419 1762 7201 5421 610 148 446
509 1 6 3331 2359
638 73
489 1 303
506 11 218 6 1838 1644 4500 1030 148
11 6
11 215 1806 3 8865
6 1708
3492
11 1 218 6 2377 3 7 134 87 214 148
11 218 6 3603 3 148 473
69 11 27 1 6 1770 89 303 632 20807 23152 476 13142 10212 13457 1121 232 504 380 19632 23153 15907 19597 14542 11144 49 667 438 2144 573 916 21260
82 535 1 218 6 5620 3 3919 118 148 448 916 5718
11 27 6 4692 1121 747 4721 3449 582 766 83 3 4472 14 3489 97 99 397 104 559 4042 1718 3809 125 3085 127 1719 2057 3810 7 11230 3209 3210 134 496
7249 3
69 11 987 218 6 215 3 148
11 293 6 3416 4930
6 6325 3 1037
11 928 6 46 3 3612 64
9305 77
1 4168 2045 3 74
6 379 3
11 6
6 888 15104
11 6 19912 14002
11 218 40 6 1838 1644 4854 378 17751 71 77 3297
4 273 22907 2323
4 3826 6 3
6 55 3 320 1529 321
616 1 6 1838 3
246 2247 6 77
7766 11 4 6 4961 1065 631 1132 372 3437 3322 4954 3701 3237 587
11 6 753 6214 579 3 452 877
1162 269 11 27 218 6 5102 3944 1648 910 364 13729 2872 2266 4001 1751 3 6186 4624 2448 128 64 4790 934 28 7 32 7010 1958 71 77 148 2948 4339 3145
5 26797 17070
27 218 6 9388 49
11 6 350
294
6 55 3
1
11192 3 1071
6 446
11 27 218 6 7 6221 1529 568 148 438
55 3
11 6 55 10864
1469 3 14435
490 1 3 4388
4426 1 6 3
490 294
2178 3
11 3764 1 218 2086 660 6 2207 555 303 747 155 159 2047 1710 1147 273 294 131 1612 424 2303 144 470 10089 499 886
27 1 6 35396 5281 10363 3276 1956 3901 205
6
2327 11 27 6 344 4720 514 1034 90 521 522 588 2886 3437 12 974 1830 6686 261 525 526 2283 528 529 2284 2160 83 1772 2331 8109 8190 7 2443 2885 276 6085 3668 17094 9910 5767 5768 5769 5770 5318 5145 5771 5772 402 897 8874 879 87 3425 421 135 25127
11 1 6 3 135 662 136
40 6
6 2
11 40 6 55 77 534 438
3317 6
11 6 4332 9409
11 6 3569 531 290
1855 1 6
11 218 6
11
4973 3
6 14330 568
11 5 303
69 269 11 1 6 303 215 1597 138 4643 3 5553 2298 64 7 205 494
145 146 6 1751
37189 3
14478
3
6 3
3969 11 218 40 6 9 55 364 18910 3 3638 568 870
5234 3
1644 9522
5 16846
69 3 64
1 215
3620
314 6 294
11 4507 3
218 6 1685 281 294 3 148
11 617 6 355 1839 220 3
1078 6 15410
69 5092 5093 4376 4832 5096 5097 5098 5099 5101 506 246 1871 11 27 1 218 40 6 1592 342 4159 7925 7802 16254 5861 3483 215 5102 254 5668 512 2042 930 2268 1464 1034 370 2275 773 3084 2874 1019 90 142 2959 537 3121 588 12 263 3322 672 3230 2094 273 3 3612 14226 3372 11820 3373 3374 558 2877 1743 852 187 204 278 7 49 897 7576 10605 10050 7358 5452 212 2862 213 7367 421 77 563 148 1141 434 444 446 786 455 585 675 482 2303 2145 3255 871 6715 144 2146 316 678 3195 5085 498 499
5287 9908 11 6 3762 1609 6406 3206 11284 3 3379 738 916 3354 4612
261 6004
1 10287 11852
294
11 6 3
4332
2 3
247 584 644 64
6
11 1 6 762 3
11 218 6 2298 14 1715 97 397 148
1 6 3 13954 677
6 303 294
11
69 11 657 40 3975 659 6 22893 83 3 77
55 25081
327 490 152
11 6 989 4293 90 142
11 3764 6 3 563
11 1 6 1019 372 3
11 6 2332
11 6 138 3
987 6 4335
1185 303 17496
7368
6 15235
55 3
55
1 6 5414 13333
1751
4 2009 6
3
40 6 1808 3
215 3517 3 11726 136
4 27 6 83 1138 2331 934 28 7 32 1782 1948 3148 11814 37 1954 13757 8550 13989 85 2300 6828 7457 4016 402 12010 897 86 7719 879 6913 6813 421 2075
6 3
11 5123 6 296 55 3139 1460 20 1646 1981 579 1648 582 230 155 259 2273 882 2971 884 90 142 45 2159 3 737 3956 787 20341 2067 1656 473 678 8036 9836 3772
11 218 6 861 3605 3606 20 153 760 762 1120 901 3190 767 257 768 2040 512 770 259 1605 3120 1709 234 237 514 1517 2274 1808 4737 774 371 1810 827 522 4678 970 241 690 375 525 1518 526 1134 527 2283 1519 529 1135 530 2284 382 3123 5589 2168 2173 706 707 6301 118 1071 960 815 64 148 438 5716 3383 1011
1162 269 11 880 288 27 987 218 314 6 2 303 4442 4695 3197 220 3606 4444 3765 4703 863 1462 154 4721 363 4980 230 825 741 3646 770 232 158 233 1863 2271 1130 3501 370 1131 515 4739 772 4740 2072 5143 3388 2124 2125 774 1035 2282 1467 3084 491 1019 2132 2080 90 521 777 141 4748 4749 6013 780 4752 537 3121 2190 6856 260 4001 281 598 45 5048 2886 12 13 7396 1044 4761 2133 2134 242 504 18 83 3 14232 10855 1079 11409 3170 3171 3172 3173 276 737 633 148 227
15808 294
6 3 1496
880 2985 6 3
69 2985 1180 6 584
11 2985 6 590
485 21547
11 6 697 7825 2013 3453 2014 5537 5376 273 11725
11 218 11326 3553
69 11 14880 6 777
6 294 3 1980
1770 5089 933 3600 738
11
11 6
11 490 6
246 6 3
145
11 6 3 573 916 316
3826 294 3 22340 10797
11
6 11428 667
6 29966
4 356 3
6 1564 686 1644 3197 4500 2072 2124 90 142 10543 46 2332
1 6
11 1 6 56 1780 3544 1754 354 747 364 582 248 2133 2134 242 2192 424 445 8695 474
275 6 3 737
11 6 3 3029
2327 1162 11 1 6 747 3517 2872 825 452 3129 4509 316
218 6 755 3
1537 55 10111
11 3826 6 3603
11 987 218 6 138 148
829 3 148
324 325 326 327 328 329 330 331 332 333 334 335 336 337 338 339 1823 11 27 1 6 1770 347 8672 17514 11151 3571 3572 1539 6899 514 83 848 1612 278 7 3272 3273 5282 3276 1956 14056 5912 2800 3900 5837 205 1960 9475 1962 3923 10077 1052 5336 5337 2817 2227 486 5266 19807 24017 16789 10397 18834 645 22664 11994 2885 276 1080 3668 7985 8331 17094 8340 8346 18300 1082 18049 1155 6364 897 209 5148 87 1980 8120 942 321 71 135 77 24 4100 1077 633 136 430 442 446 448 869 460 316
55
11 4106 6 3 14 1854 737 438
11 295 656 27 6 7 897 4415 212 213 87
6 294 64 135
1 6 3
145 18 3
1 6
69 11 5656 218 314 6 25281 2377 3 737 148 667
3155 507 1451 2152 3419 1063 508 3661 1823 4416 269 11 799 987 218 6 5126 1883 3492 56 1917 1168 4059 1616 510 6063 3483 350 7938 351 303 2035 763 6705 2266 1807 688 232 1601 3551 1602 259 158 233 1026 368 513 2268 2952 1864 3458 2270 234 235 1464 236 826 1465 4673 1033 2271 370 1652 2953 1607 1131 1517 2273 1808 515 2436 1608 2954 1826 773 2072 5143 2279 2973 2124 1466 2128 2282 1467 2975 4653 491 827 3436 504 695 381 1610 2160 696 2439 382 784 273 8268 865 14 710 1743 109 4631 6173 125 2139 3810 3788 1476 7172 9130 148 430 433 3238 434 435 440 441 446 787 462 3145 740 472 2826
27070 3 12958
1956 5515
11 6 271 361 27614 3638 446 1023 1007
506 11 288 6 45 1024 588 83 6124 12742 136
11 1490 6 351 77
378 3 316 4012 496
11 1 218 6 254 148 2145 498
11 6 83 3 5924 10070 934 7 85 86
161 40 659 660 4015 3456 6 3
11 4 6 3
11 1 6 2 3 28 7 32 37 321
1224 218 3 2858
6014
295
2019 11 638 27 1 218 2086 40 6 2 3363 548 303 138 889 1646 539 540 1648 255 237 514 882 883 3736 827 3518 689 261 3520 262 504 1146 1748 378 672 47 3370 3 1848 8665 832 709 9239 2337 8917 4966 3613 120 1477 64 719 8783 1671 670 278 1573 265 1138 4074 7 12411 205 7981 897 87 1529 71 2101 4595 135 568 77 531 737 1001 148 1725 438 446 448 1484 492 493 2095 6708 7530 573 916 3988 877 144 469 471 1816 1926 266 316 678
6 55 316
11 1 218 6 21863 155 514 3784 526 1134 2283 528 1519 529 1135 2284 9449 2384 2093 64 205 136 148
11 6 2366 584 64 886
6 3 11820
11 27 6 2 215 2044 83 3 204 265 2331 934 7 205 85 4016 14925 3352 10992 5516 9554 1636 9555 3839 6439 1799 5521 5522 5523 86 9304 12618 10804 1978 4487 8015 16275 19590 4662 22188 1868 8171 6891 5581 3566 2357 148
269 490 6
1452 4515 11 27 1 6 56 555 2155 1034 2953 1030 2214 380 697 2013 3 131 28 7 2226 4526 1834 400 32 1934 37 13736 15628 15275 1958 737 662 136 630 587 871 468
504 278 6523
3
27 1
6 1593 16672 3
1 13160
11 91 3
27 3 316
6
6 3
1 6 2 3
1 3278
11 218 6 215 2942 83 3 28 7 32 7556 14498 148
11 3 7
1554 5179 631 1556
638 14088
11 15172
218 6 16342 55 138 773
11 1569 658 40 659 6 7937 540 1025
9576 8460
11 4 2009 3 14792
4 6
4 55 6660
17963 7 13872
6
6 3
507 11 2324 27 6 9861 3680 10733 6155 2844 7491 106 1049 265 205 1503 1504 1505 7975 7730 1507 8469 1511 36100 3824 316
257 3 14058
2 3 18064
6
11 490 6 22202 3 7507
1 6 3
2
3 4943
6 215 55
6
11 6 136
69 11 6 1872 56 2999 303 55 516 2275 884 2821 1531 6406 3206 3 131 3193 265 2331 1090 1091 211 87 5413 16332 9903 1980 8120 2820 1766 7885 4238 499
2001 4 3 3153
55 1065 15699
11
6 8282 1174
1 6 6019 3 5822
490 6
795 11 6 4187 4195 4196 344 239 241 3394 842 2181 2094 13339 793
27 6 138 632 83 3 190 192 196 197 203 204 7 5263 606 209 7315 462
3
6 3
6 729
27 6 3 3416
11 6
6 3
11 27 218 6 3978 3492 1168 684 4724 763 229 230 231 1863 1865 234 235 826 1131 515 772 2974 784 1471 83 3 1138 2331 28 7 1050 32 5767 5768 5769 11883 9375 5205 402 13423 8214 14210 897 211 2313 87 3478 88 321 148
11 14703 1 6 579 3 1479 9242 4324 6248 2093 644 2848
4 6 3 205 316 499
11 6 3
6 818 1614
3241 11 6
11 27 1 6 18077 944 747 825 83 278 7 85 86 16582 7420 7421 7422 7423 1973 1974 1975 7424 7425 7426 7427 7428 1977 1978 211 9420 3309 87 135
1 6 3
11 1 6 7800 2 819 753 2941 296 361 1808 516 884 776 2874 520 3407 1141 455 1752
6 686 3 6404
11 6 64 17259
3
145 55
1 6 2 3
4
6 2 39879
11 6 3 4321 7 667
3
27 3
6 3
11 1 6 78 303 5699 273 21790 3
6 3
4784 2326 2019 151 2327 11 314 6 56 8290 2025 861 4026 556 303 215 1539 3139 1839 220 357 154 3574 845 3118 1681 1841 2177 4672 604 1941 2030 3366 2032 824 766 3484 155 5675 1600 1628 1807 1113 2042 259 1632 5370 514 5686 882 1808 1608 5690 371 1132 1019 281 3518 4756 829 306 2050 382 697 672 47 3 9194 2452 1473 14 1559 4631 113 114 1660 2139 960 60 2058 717 8431 584 2059 2060 2061 64 3345 718 6234 1037 723 2389 1588 670 4597 885 2357 1077 3407 292 438 461 872 5063 2334 244 316
3003 1 6 24059
3
3 3635
3
1956
1765 3
11 1 6 138 2952 10522
27 6 4734
3 13835
11 6 3
2150 1 3 847
11 8042 987 6 2 1018 781 45 1829 672 1832 9237 3235 9242 5026 2415 584 1141
11 6 1769 844 3 4640 468
11 1802 2308 218 314 6 1885 1769 2 56 862 253 5815 7394 14776 11121 2442 3870 687 3333 540 491 3 1076 3198 136 1101 148 434 448 4581 449
6 91
1362 1569 17 218 6 2342 1685 294 1579 148
6 3
1 6 294 8196
11 27 6 2941 1515 3 7 879
11 6 4187 344 302 3 11484 2242
218 6810 3
1 3
3 135
11 6 21 1681 227 495 496
69 12792 10414
16283 3
11 218 6 247 3 64 3766 670 148
11 1 218 6 1168 254 221 824 2037 3499 825 2266 807 273 3 5752 584 64 3404 2064 737 148 446
4 6 3 16396
6 6829
11 987 1 40 659 665 6 55 138 3 64 4802 4330 8902 8148 71 423 999 77 148
1 218
6 26727
11 27 6 3139 2442 83 7 1742 2847 7523 8936 11242 11761 751 15259 9582 10140 11094 11646 7902 2107 6189 1956 14730 11096 7903 3691 8705 50 51 1495 18092 3281 6875 7574 6487 1496 1499 4390 205 2354 11777 11539 9191 6286 6287 1052 1178 6902 9842 6052 10104 11982 4003 2817 85 8719 14209 13084 5412 2300 15811 5204 5205 402 13423 13688 5782 897 14365 9557 9558 6439 2148 15966 5523 86 2856 209 3152 879 3210 134 87 942 2866 4858 1868 5177 321 4045 2990 3060 3061 3737 3068 585
6 90
11 6 152 18 3 423
554 5287 11 1 6 4961 992 3257 302 45 7894 1145 3437 974 2993 1044 239 306 3603 5698 1921 83 423 568 77 438 9780 1004 20485 482 916 4053 1561 470 5117
11 27 6 83 3 934 7 6611 85 897 86 8822
11 6 3 5570 77 312
6
6 3
1453 11 4 6 90 777 17571 5752 2416 584 644
11 6 14565
4 3
91
11 40 6
3 3552
3560 11 6 152 3117 2448 14 4631 110 1718 3460 2139 64 438 492 6592 316 496
3 14348 8808
4660 11 6 3 814 815 3988 564 10207 316 678
11 1 6 11403 3
145
4 3315 590 3
2081 243 2977
11026 3
69 6313 3 562
3356 987 6 4062
5 1 3
4 3003 23025
11 6 303
11 40 314 6 138 737 534 446
11 4128 1 218 314 6 992 215 55 737 662 136 148 6976 6977 5565 12947 73 482 11370 8805 677 226 1012 1817 1818
246 55 687 3 737
1 6 3 9020
11 6 64 470 498
6 3 16730
987 40 6 138 148 446
11 6 215 205 1513 3167 77 312
11 1777 987 218 6 510 1708 2072 273 8021 940 148
69 506 1184 1185 1186 1187 1188 1189 1190 1191 1192 1193 1194 1195 1196 1197 1198 1199 1200 1201 1202 1440 1441 1442 1443 1444 1445 1446 1447 1448 1449 1450 899 151 269 11 1105 27 218 6 901 1682 1829 1531 373 9918 1570 83 3 7152 584 1772 2331 7 5082 321 148 2948
11 490 1 5044 3
2019 11 40 1143 6 55 17470 21 1681 2071 13427 3 5469 278 667
11 6 2 1541 1065 1544 1545 631 632 584 644 64
11 6 2941 139 6427 154 762 1132 90 5376 3 49 423 866 1077 875
11 40 6 55 3
6
1 2160 14397 3
4 1 967
11 54 6 18091
27 138 46
2324
11 6 579 3
3
11 218 6 1643 2993 25435 20819 5483 23942 12864 980 4363 148
11
11
11734
268 11 6 271 55 1680 11685 20 3804 3 677
6
1 6 3
4 6 3 10898 15456
4000 3 28 7 591 9646 2239 8122
969
11 1 6 1048 1049 265 7
4 3 20849
3 13984
217 3236
11 6 3 14 3885
3
3
6 1568 14 852
294 23465 3 3405 1482 1726
1 12617 17000
4 218 6 857 1593 4181 4207 228 2035 229 364 25 583 766 155 3511 4369 22717 6507 135 148 4509 1656
246 11 27 218 6 361 1683 514 525 1518 526 1134 527 2283 528 1519 529 1135 530 2284 83 934 7 32 5257 4791 2396 402 897 5932 885
2342
1490 1057
11 27 218 6 5510 1804 683 5182 686 1838 354 4696 3197 2210 2257 2258 2070 356 687 46 3 278 28 7 1834 400 32 6047 4791 12727 3860 1934 37 6090 6036 148
656 1 4721 3 148 316
55 7393 3
3 93 14 98 102 1716 118
69 11 4 1 6 353 138 947 1541 1065 1544 1545 9567 889 631 632 1556 4007 3504 3 7 6149 2387 5178 321 422 492 573 13518 9834 4887 2304 4012 496
138 3 667
6 3
1538 3
11 6 3 64 5543
1 3
656 1652 3
6 3 7165
11 1 218 6 3
11 6 138
15728 18 3 25949
11 1 6 38 55 138 2018
6 14042
77
11
27 2085 658 40 659 660 6 353 64 278 7 85 897 86 9076 3707 1086 1087 1088 1089 1090 1091 1092 1093 1094 1095 1096 1097 1978 211 7429 3151 1775 87 1766 737 662 136 499 886
11 1182 6 3 2357
6
11 490 6 2 18582 3 737
1 6 294 10355
3560 5405 11928 269 145 11 603 640 1997 1642 270 987 1 648 218 6 4000 1769 2 344 7854 1912 1741 8850 1771 805 666 15450 15451 15452 15453 78 2012 303 215 1801 55 546 993 2163 5045 37202 1144 3607 12826 2134 3395 2181 504 3733 307 1748 378 2094 1854 965 11451 2421 815 644 64 3818 204 278 7 205 4493 77 290 737 148 978 2143 446 585 1023 467 675 492 482 2303 573 916 2145 31448 31699 2304 494 3255 3988 37203 677 316 678 3195 4078 1817 496 574 1014 498
11 987 218 6 541 135 4228
11 1 6 778 3
3468 4515 269 145 11 27 1 218 314 6 1455 510 6175 303 138 20 540 541 5666 361 255 1030 1145 1829 8090 2993 8091 1044 4564 4565 504 2216 672 8092 192 204 278 7 49 422 71 999 77 737 148 434 438 494 5446 3195 496
269 11 6 861 3216 283 4768 273 18 3
643 17093
6
506 1440 1449 1450 2102 3155 151 2020 817 7430 11 218 6 342 345 1741 56 89 2888 3385 510 350 9392 139 253 4692 1851 3139 4442 4694 3515 2255 11037 1837 1805 626 5658 5182 1754 686 1838 354 4696 1644 3197 8178 2257 2258 4698 2070 2259 2260 2261 2262 355 1839 220 356 1840 687 3717 153 357 1462 154 1765 3574 1119 761 845 762 1120 901 21 902 2177 4335 1981 604 903 3333 917 539 4708 4711 540 1755 1121 800 358 2029 147 4712 359 4714 1536 254 1682 1683 1685 2156 1688 2871 9799 747 255 2179 4721 910 1568 4722 2034 1691 1985 581 4724 4417 2035 3449 4725 763 57 5669 362 256 363 229 1824 364 1692 25 1693 582 3190 824 230 583 764 2265 765 2037 1515 3499 2038 2872 2377 3484 1516 1649 257 155 1857 1650 825 258 3143 741 5188 2266 5675 1112 231 156 769 1600 6577 688 770 232 1601 1113 1705 11561 930 1602 3647 259 157 1708 158 1651 1026 513 1605 2952 4729 1863 1988 1463 1606 7529 1864 1865 4512 2270 5679 235 1464 3187 4731 5680 3265 237 4673 3501 4732 370 1652 4733 2953 1131 3880 2272 2273 2274 4735 1808 4736 515 4737 5688 516 3736 519 2438 2276 4739 2821 772 2954 1030 4740 773 2072 5143 650 2279 7411 4562 2974 2280 2124 3677 2125 2126 4742 2281 4652 5692 2128 1035 1467 4743 5109 5501 371 10188 775 6333 1468 3084 491 776 1810 3389 5502 827 1132 4336 4507 1019 372 2132 2976 520 5694 90 521 522 777 141 6469 142 4747 4675 6728 3473 3390 996 2404 5532 781 1858 4752 537 143 2190 997 2157 6400 1653 969 43 3648 970 260 4001 281 1025 44 14314 58 3518 828 1990 4756 971 1812 59 3784 972 794 829 4516 1133 2886 12 974 2993 238 1044 239 11562 240 1469 2399 9393 3438 6295 2292 3392 3393 8029 689 8996 5880 3348 7397 248 249 2133 3394 9384 2134 242 2135 6162 5110 8065 2136 376 8066 3719 6781 305 306 5052 8067 5915 2159 4763 261 2010 3520 262 263 4765 6627 6628 5698 1921 3206 3994 46 2285 1654 382 784 6481 19998 1036 135 423 6567 2357 531 148 1725 438 443 1726 453 457 458 788 789 245 1485 1656 266 2826 3631 473 3418 793
11 1078 640 6 294
11 1 6 303 6665 2163 136 1002
6
69 11 27 6 14222 278 7 673 3447 1774 9575 3209 3210 134 9912 11316 1529
5096 532 23254 3
55 438
11 4 6 1769 17441 91 83 3 3193 1049 265 7 1498 1155 879 3508
1 3
69 11 218 6 55 422 148
11 6 45 5046 3 8929 7493 8765 2365 10468 5706 5970 644 2980 7 402 897 879 87 916
291 7098
6 3
20251 2131
6 626 31962 3
319 737
6
3241 344
11 27 6 1065 3219 3 28 7 6428 5803 1931 2226 32 5142 3675 2864
8599 151 3242 3243 986 269 11 218 6 1884 152 41 475 685 2941 2958 3797 215 138 1754 2257 2442 3882 357 762 21 228 902 1981 540 358 147 359 747 1691 2180 229 364 25 2951 155 1857 2045 158 235 772 773 2072 1035 778 260 281 241 6299 690 375 242 1921 504 46 1710 3666 784 2977 3807 2877 2979 866 148 3045 292 4581 450 453 871 5759 3972
6 3
3181 3 4331
3315 15258 3 18716
11 1997 160 1 6 12690 3
11 6 138 1921 662 136
6 7272 9806
11 6
334 1581 2 3
1 3
11 1 6
1 6 6262 644 64
11 6
11 27 218 6 512 231 2269 1463 1864 1865 1464 237 2133 7 2075 321 77 148
11 6 1769 56 3 3888 871 3129 316 2307
11 72 27 6 55 273 83 3 21505 6896 934 7 2849 2851 6876 205 4006 1052 2817 4415 1868
987 993 3 3352
11 1 218 6 1884 2155 1687 364 1748 3 148 2067 11061 316
11 6 230 3607 3 316
6 11673
11 27 6 4962 3 7 5176 321 77 8988 24 738 4100 19091 7848
3
9369 17277 677
11 1 6 55 18 482 494 3888 678
278 7 3901
4 27 6 3 134
556 12972
11 314 6
11 6 25078 3 136
11 3
11 6 23431
1194 1195 1196 1197 1198 1 138 21169 1156 4341
4 6 83
69 1
508 11 218 6 1885 56 296 901 90 521 522 45 523 4360 3 2977 3374 3375 2356 558 2877 49 71 568 999 1000 940 148 869 1566 1485
151 2020 11 6 89 1851 686 1838 1644 762 21 3 644 870 3889 6697 9354 10235 4373
3155 11 3 25902
11 3356 6 686 747 1824 2403 135 4981
11 616 218 6 138 18536 3 135
11 6 379 3
1 7
27 1 6 2163 3 278 7 205 11780 1052 276 9936 897 134
4
6 2
1 1862 3 6873
11 4 928 6 55 3
6 20775 3
11 6 1770 55 91
1
11 6 89 3
218 6 1905 281 93 960 2409 64 5080 18300 148 452 2335 499 886
6
6 3666 3 3398 7
554 11 27 6 83 278 1138 981 7 12791 15982 11430 17106 6466 405 406 407 408 409 207 8810 8813 14375 3447 13059 13246 20113 209 87 737 563 1656
3 64
1581 6 16519
1 8421
1 3 15561 316
11 4 8626 3
11 6 2
6 3 14
11 6
4 1
52 6 55 1847 131
14403
11 4 2085 40 6 1170
324 338 339 11 27 1 40 660 6 271 2025 1738 303 215 3515 1837 357 762 747 512 2952 235 236 90 777 4040 2050 2013 273 7573 1955 3922 205 5080 2852 6160 576 206 438 448 916 3957 1142 3538 4667 316
5610 11 4315 27 1 6 3190 766 1649 1825 741 134 869 916
269 1 3 7
246 218
11 4 1 6 3571 3572 20233 1674 7534 1675 16852 9999 9785 943 9786 1678 247 3515 118 1071
55
11 6 5669 1714 708 4090 4043 5868 9454 64 9741 7220
55 3 9305 23659
10508
11 2024 314 6 2363 685 215 55 3 442 446
5528 11 1 6 3985 423
2 7 73
6 316
323
6
11 1 314 6 344 378 2094
27 6 3802
483 6 23133 17078 3
11 6 1118 7 10089
1777
3
4 6
91
3
11 17 6 3 18834 424
3 12800
11 6 540 800 496
3783 1 6 5206 1937
6 4239
27 6 265 1138 2331 13444 3928 5141 7557 1639 7 6357 3424 8175 2243 5979 321
246 4 3
11 6 15114 18746 3 7
1056 19106 55 3 64
6 23296 3 7323
15842
11 4 6 5599 8269 64
1082 606 496
3
1 6 2342 1991 2843 1800 83 64 3905 1496 205 5899 3292 2817 85
55
6
11 4 1 314 6 9056 993 6976 6977 5565 73
55 3 276
6728
6 3
3 3981
2186 3
640 27 3 7 895 897
3 37 1752
490
11 6 138 4699 1517 3
3
39 268 11 218 6 624 944 6528 11911 5290 3663 5644 2888 4439 5510 219 6061 3385 1168 4059 4005 1738 989 990 1564 296 303 993 1118 3139 9806 13147 4586 2255 1837 8502 5418 5182 1838 354 1644 3197 4697 2258 4698 2442 2259 2260 3870 2261 2262 1839 220 4700 3882 4701 863 20 153 760 4577 1462 154 3574 3337 1119 845 762 3118 1120 5108 901 21 3871 1646 902 2177 1981 3214 4705 903 579 539 1535 540 1121 358 2029 254 1682 3682 2155 221 3575 1514 747 255 910 4722 2263 581 4724 4417 2035 7465 4725 763 2036 5669 4726 2264 256 363 3516 229 1824 13753 582 3517 4980 3190 230 5307 583 764 765 4946 766 1515 6705 2377 2039 1516 1649 257 155 1825 5671 1857 825 258 3143 3511 768 5674 5188 2266 231 156 1600 4060 6577 1807 688 232 1601 3551 11561 1602 3647 259 158 3500 1863 1463 1865 2270 1709 235 1464 2273 2274 1808 4736 515 4737 3736 519 2276 771 772 5143 2279 3388 2974 2280 774 4652 5501 371 4653 1468 1810 5502 827 1019 3436 2132 2083 140 5694 90 521 1756 522 777 142 4747 4675 2959 537 281 828 1990 1812 829 1469 241 3348 2133 6811 3368 11087 2135 6162 2136 376 305 306 261 262 2285 692 4769 693 3658 1136 5296 5957 1922 8712 3804 1470 382 784 1471 697 5234 3322 5537 4566 3 4312 3835 148 4045 292 447 3981 6884 461 838 3383 1656 266
6 2342 3
1 6 55 3
11 1 6 3
4 6 17576
11 6 3
3
4660 11 3558 27 6 6178 2436 997 281 373 374 3368 504 273 3 1853 5390 2457 9276 3776 7 1495 1496 3562 205 2301 211 3128 2313 87 423 77 5298 5064 11058 564 839 677 5117 2185 3418 14632
16070 6
504 13680 16896 3858
3315 1 6 3
11 1 6 9726 90 5340 102 455 1734 464 465
11 6 781 537 598 12 21519
1951 737
911 3 316
269 11 27 657 658 40 659 660 6 298 358 43 260 281 3 9758 7 1956 2804 205 531 290 312 1484
4 24128 148
490
10055 4766 3
922 1 6 55 3
6561 316
11 1 6 22142 138 1864 294 148 446 73
3
11 6 215 1800 1765 762 205 77 534 3255
159 64 7
251 55 306 294
269 3 3788 8386 64
6
1751
3
11 1 6 19320 3
3 34254 461
11 1 6 14086 4762 64
11 6 254 17595 4480 290 737 4101
11 6 55 901 1748 11809 3 737
1607 10818 3
39 295 801 1 6 3 2367
1190 3 8106
6 3
11 6 3157 2954 2072 650 2124 5692 2282 1467 4743 3 5331
5873
2324 1 138 631 307
69 11 6
11 1997 6 241 3
1 6
55 3
11 6 7
11 6 4786 5616 6061 5620 139 296 3692 303 138 3139 1673 1600 688 232 259 1630 931 233 235 236 237 5681 1130 1131 1517 2072 2124 1132 140 90 1756 142 3473 2190 970 1025 504 379 2050 3804 273 3 28 7 32 1154 1784 1785 1786 1787 37 12647 9137 13989 292 787 144 469
11 27 6 83 28 7 2226 32 6608 6609 8428 2313
11 6 64
2416 14959 10710
11 27 6 3 34348 2331 7 7986 5767 5768 5769 402 897 3931 5178 321
27 6 666 3 284 204 7 51 205 5184 2817
11 6 23259
78 3 316
1 6 3
3
6 303 55 36157
11 217 27 1 6 55 361 3682 2155 1688 3 7017 14184 3194 12828 8025 2448 3651 11038 5553 2298 7154 10744 7155 584 64 3193 265 7 6915 212 87 17149 14352 11318 16812 8907 8119 11488 18614 11489 15421 9903 1980 8122 11000 2820 10972 3709 2243 321
1002
11 6 351 1748 3 244
6 3 7
64
11 490 2 278
1162 11 2024 314 6 2163 1025 102
55 9687 294 4661 4370
11 1177 1 218 6 1462 3 98 100 101 64 77 633 148
1 3
11 6 3992 1812 829 5550 3 12647 4970
11 483 40 6 2
11 4 6 3 49
11 218 6 3
617 1 4625 2448 3262 64
6
4014 3 677
6 3
218 76 3606 3
667
6137
4 6 3 9632
1850 1 6 1770 1838 702
4 6
490 1 6 64 2946
54 3090 987 6 3
69 5944 5584 4055 3242 4056 3212 1580 11 1 6 56 7409 4059 800 763 363 512 5699 4989 693 694 6164 2049 3502 6979 4065 866 3820 7845 667 425
11 27 1 6 2952 45 1145 2886 3437 5330 2400 83 18976 12742 14369 28 981 7 32 15080 11585 12973 401 4016 14219 5767 5768 402 13423 12863 14210 19235 5211 10597 403 10936 897 4488 6916 87 10438 11340 10409 3616 422 423
218 6 138
11921 269 18661 6 2 55 687 3
6
1855 1
27 294 3
39 269 11 616 1 218 2086 6 343 138 228 2329 766 231 2044 369 5370 1517 2132 520 2080 521 522 777 3518 828 3784 972 829 45 523 524 6628 1921 3206 4663 3 5389 7 49 87 11517 214 8499 12442 15038 80 5652 135 568 662 136 2189 148 3008 1720 3015 4498 1723 3238 437 446 456 1728 869 1484 1731 3074 4666 1734 464 465 9279 467 886
11 217 1 6 882
3346
3 7
928 27 3553
27 1 6 83 64 7 20706 6631 6870 5843 3351 897 87 1822
11 6 901 1981 83 3 662 136 2189 663 1101
6 12816 19742
6 3 64
1 648 6 77
3
11 4 6 8207 590 3182 148
6 691 5965
6
11 27 1 218 40 6 303 1144 3944 357 762 1120 228 540 4714 1536 1941 1648 910 512 1034 994 5684 307 378 3850 83 100 13799 1477 265 7 1050 9828 319 5979 135 633 148 872 877 10770 1926
3
314
11 6
799
1496
11 314 6 247 358 1536 3 5600 2093 64
17 3
254 1686 2155 6563 1688
14606 6
1429 322 1430 1431 1432 1433 1434 1435 11 987 6 83 3 7 85 86 148
218 2 14122
11 6 28 573 916 316
607
69 9159 3 87
3
11 6 55 3
3
91
138 14754 8430
11 928 2081 218 6 3 13945 446 5715
11 4 1 40 6 7 436
1 6 12830 3
251 3 15669
555 55 12069 3 3669
3 3035
10029 3
11 237 3
3317 987 1808 28 148
5 6 12571 770 2952
922 1 3
590 3
55
4 435
11 291 6 6140 644 4588 446
6 2 8243 13775
6
11 1 6 17659 83 3 7 897
11 288 8626 6
11 27 6 5979 3553 321 5060 6199
6
11 15530
6 4684 3198
799
11 6
12444 2850
11 6 1888 273 2092 3113 7150 584 644 13363 918 136 492
11 27 6 1770 83 3 7 85 3342 2300 897 86 1579
490 6 1775 446
11 218 6
6 2 666
3212 1451 11 1105 1 314 6 11893 1454 14452 1905 1916 56 3664 1456 555 1564 11745 220 1981 1535 540 1536 3945 364 1515 1649 1857 768 231 1601 3551 158 233 1464 236 826 1130 1750 2953 1517 773 1035 90 4676 1989 504 2160 3 3805 702 1473 2173 4629 1021 7059 20419 8212 8361 6239 7085 5600 7087 831 5732 2297 101 102 1716 106 109 852 3085 3810 19774 5262 5603 61 1479 6986 7158 998 7159 2366 2416 2417 584 7880 3087 644 64 11753 17227 2219 1481 3345 2062 23 6071 904 7168 8783 3653 721 2388 1037 3758 2389 725 726 3146 729 670 135 4092 4597 531 290 737 24 534 587 448 787 455 788 482 4639 2303 2145 14813 14814 1998 870 3103 2332 2333 224 871 3129 10281 244 3824 836 3957 837 245 469 3669 4611 1008 790 3131 3417 1926 2956 791 678 1014
2980
6 55
3
11 4 6
6
6 19259 19260 3
11 6 18860 135
11 27 6 278 28 4346 7630 7648 7650 9085 7 7671 7679 7697 6228 4542 600 1834 7699 400 9089 32
11 6
11 6 361 3 1183 573 2196 871 677 2307
507 6
15397 6
64 7
1 7
1 3
11 607 6
6
6
27 5223 7 6608
3 531
1 14754
326 928 72
3
1 3
11 2086 40 659 665 6 4674 776 2959 781 504 3 6091 2173 104 852 131 714 2061 64 77
3 148 9859
69 11 1 218 314 6 2 56 18640 1144 255 294 83 534 148 446
11 6
11 3003 90 13353 278 11225
11 1 6 10352 3 64 1037 670
922 1 3 10292 7437
2344 27 3
1 3
1 14000
69 5092 5093 4831 5094 4376 4832 5095 5096 5097 5098 5099 5100 4833 4834 4835 4836 4837 4838 4839 4840 4841 5101 986 11 27 1 218 6 857 1876 1877 1882 1883 4000 2 6113 3543 345 1455 3756 1741 56 78 299 540 2029 747 581 229 1857 232 1033 2271 1130 1131 1517 3677 774 2282 2975 371 1810 6728 996 997 970 1025 2398 9393 2400 842 2135 305 263 696 382 808 2094 6865 2977 49 135 148 494 839 876 3962
6 3
6 3
11 3001 6 3
4 8209
1490 10344
11 4426 1 218 6 504 3 148 438 474
621 6 3 4006
6 83 3375 3255
3 33
11 490 6
4426 55 1131 3 4966 17926
6
246 6 357
21356 3
11 27 6 2 7 591 49 205 8782 2387 2373 321 73
2
6 4439 6118 1460 540 800 90 141 1716 112 3460 2060 2983
762 3
11 6
6 4961 598 2942 64
11 6 590 83 2390 3421 265 7 14146
323
6 3
11 6 3 148
6 1515 306
11 6 1086
11 5 6
4 6 590 3 8286 316
69 11 4 1 6 857 1603 355 21 2273 1181 3804 3322 83 719 1612 8684 135 77 885 1614 452 2333 837 838 4509
11 218 6 516 884 3 5825 14 8237 397 104 629 106 3954 3085 127 2057 5356 9318 148
1 6 3 33410
11 26402 26403 20017
6 3 934
1 33519 10208 23356
3 10629
11 446
640 16236
11 295 6 650 2130 3804 3 21148 837
11 1 218 6 253 11089 1837 2258 1865 3638 8631 148
6
25573 3
11 1 6 89 55 687 3 960 2456 2221 2300 1077 432 2819
11 1 218 6 3 148
11 4145 1996 4365 6569 1997 218 6 946 4442 1644 3197 232 772 1030 1810 1132 1019 90 689 382 940 148 435 448 871 1566
2 10053 294 3
6 3 494
251 1105 2 273 294 3 7
11 6 3
1 6 19238
141
11
69 11 880 6 215 1801 993 1118 307 1748 378 205 77 494
1 6
612 3 5115
1 6 1011
490 897
1
269 11 7792 1 6 215 446 2889
1
6 14949 3 7032
6310 490
323 6 6858 3
1 4804
11 6 89 3 448
138 3960
11 749 6976 6977 5565
6
3 5386
1 30626
799 266
3245 6
11 6 271 11951
3
11 294
1 6
4
11 6 7055 15364
11 1 6 3 278 12696 4889
146 1 7810
14196
11 6 2 650 4759 12 238 1044 18 3
506 11 6 303 3
246 1 60 893
251 6 294 3 3175 3152
6710 490 6 3543 944 686 220 845 21 1681 2177 358 254 257 233 368 1810 827 90 996 537 997 6743 5069 46 379 2201 1471 11923 3 4627 1743 109 114 3460 3400 2417 5027 2418 2419 3531 5112 64 135 531 136 438 469 470 8482
640 2942 3
1 3
5 1
1
1 3 106 7836
11 1 6 1884 1536 155 2045 3658 2050 3804 3 709 106 1717 727 1656
11 6 5494 3
218 6 303 762 83 397
6 3
11 6 4990 8284 1148 1175 3291
4 1596
1 364 11109
6
8624
993 1751
288 22662
1105 64
218 3
4 6 7847 73 9969 677 3961 8695 316
6 16359 90 644
6
6 83 3 148
677
69 11 3
11 5 6 3
11 1 6 2 687 691 159 3011 916
1 6
6
2324 1 6 6806 73
6
11 1 218 2024 314 2955 1182 6 3186 303 55 16106 11745 1838 4697 2261 2952 5681 826 1131 504 7021 7022 4624 4627 1171 6492 2448 7025 10400 7093 7098 7100 4609 1611 5484 4062 6362 9237 9239 3235 14 106 1743 109 4321 118 1071 6173 6244 6276 6277 5737 3113 2015 6233 714 3812 8384 1662 6457 8764 9800 11357 584 2059 3712 644 64 5028 7920 4068 3609 77 13619 7832 3297 4597 4480 6567 3820 885 5272 3569 4852 4093 531 290 737 11918 11919 1843 1001 6483 633 148 1023 2826
6 3 719 7294
11 6 71 423 999 77 1008
11 3 4003
3357 6 56 3
506 11 6
27 1 6 4201 55 3 7 1529 321
1 6 1035 21169
6 55 11163
491 2325 316
269 3
11 6
6
1490 6 83 3 7
11 6 1030 3 11664 10944 434
1 2 1751
21678
6 141 3051
11 27 1 218 6 4442 354 2258 6760 356 863 357 845 901 1646 540 747 581 9818 229 364 3517 155 258 1808 2821 772 1030 773 4562 2124 2281 1132 372 90 781 1858 260 281 46 294 7 7986 5205 402 897 148 1141
971
11 1 6 1025 829 3 7452
11 6 5040 294
64
3
27 55 3
1
25667
3 17052
4 1
11 1 6 4438 55 3605 901 3 11515 2067 2336
11 6 14921
11 6 376 306 3 22487
4 6 83 3
246 11 218 6 2 14541 18077 24115 4199 1771 4211 546 1644 759 687 537 3 16831 3956 967 148 2822 492
11 6 685 2012 1166 3141 5234 3
6 6806
3
1525 218 6 21637 3 148 73
3
1 1568 7169
11 12661 218 6 55 598 45 1145 588 2886 504 1792 39742 2407 64 3598 423 9326 444 916 4882 886
2009 3
4136 22127
2985 19285 3 316
218 6 3 77
11 6 8178 8209
783 3
1177 294 3 6050
69 269 11 6 504 3
11 27 6 138 294 3 934 7 2847 51 2354 2234 419 8906 13907 4411 10549 11708 1978 211 8225 3152 15826 12922 12677 13573 2313 879 87 5259 5365 1140 4858 2184
275 6 3
11 6 827 1653 1609 3 398 7 399 400
928 1 55
4 490 6 138 15030
11 6 8725
506 3 7
55
11 490 27 6 3120 3 7 11767 3272 1956 11255 4382 205
1580 6 3 77
4 72 218 6
6 148
6 1144 3
27 3553
77 4100
11 6 3
98
1 6 3
4 4315 218 6 930 3 316
3 12049
18
6 16502 3 3344
11 6 138
3620 2895 6 19475 978 446
11 6 3 316
1637 1
6
55 25106 3
1 6 3 10019 6237
27 6 8741 3 7 1732
69 11 6 2 16099
6 3 967 12399
1 590
4 6
11 291 6 2180 21245 707
40 6700 294
69 11 6 18782 138 632 3
4105 4106 4107 4108 4109 4110 4111 4112 4113 4114 4115 4116 4117 4118 4119 4120 4121 4122 4123 4124 4125 4126 341 4127 4128 4129 4130 4131 4132 4133 4134 4135 4136 4137 4138 4139 4140 3558 4141 4142 4143 4144 4145 4018 4146 4147 680 4148 3320 4149 1872 1873 3542 4150 4151 4152 1874 1803 1875 4153 4154 857 4155 1876 858 1862 1593 4156 4157 4158 4159 4160 1878 1879 1880 4161 4162 3358 4163 1881 1882 4164 1883 2346 1885 4165 1886 4166 4167 859 2207 4168 3540 1888 1889 4170 1890 4171 4172 4173 1891 1892 4174 1893 1894 2209 1895 1896 1836 76 1897 1898 3091 1899 860 1900 1901 1769 2 1626 4176 4177 4178 4179 1903 4180 4181 4182 4183 818 3971 4184 1904 1905 4185 3714 3790 1906 4187 1907 4188 1158 4189 4190 3264 4191 4192 4193 1908 4194 1909 4195 3543 821 4196 1770 7925 10180 13522 15224 4197 4198 4199 6990 4200 754 346 347 4201 1537 4202 4203 1911 3756 1771 4205 1913 4206 4207 4208 1914 4209 624 3359 4210 4211 1915 66 317 4212 1916 4103 4213 944 4214 349 666 215 46 16703 21730 4215 7 4216 4217 4218 4219 4220 4221 4222 4223 4224 4225 4226 4227 4228 1023 4229 4230 494
11 640 1642 218 6 303 138 3432 368 504 644 670 77 136 148
8598 3783 3419 1063 11 6 3 1612 7 205 1960 136
6 303
11 1105 1 6 349 138 13399 5931 12857 71 77
1 3
11 40 6 2207 55 21 2155 747 364 25 3 33937 3379 662 136 446 266
648 993
2019 3
506 11 27 1 218 6 2941 215 1801 1144 254 361 9144 2035 514 1808 516 90 2886 159 83 2173 704 3488 11325 1956 49 1496 205 29710 148
11 6 2 1770 3 24757 6765 15308 7 438
11 6 857 1905 3543 1065 631 1556 1648 747 229 26692 2060 722 424 3823 4981 244 3960 4509 5718 4783 10089
6 138 18420 27308 2876 705 4662
6 24201 3 5450
11 6 28259
11 27 1 218 40 6 1884 3091 851 364 491 2050 784 3226 1845 16836 3 1071 815 49 135 738 312 148 4968 838 144 5759 3961 1752
6
218 6 229 25 16825
11 6 361 1685 7090 8104
3
27 1698 1939
6 11362
1 55 18
3001 6 139 3
69 11 8608 6 357 368 13178
218
6 3
11 6 77
6 12427
3464 64
1 3
1 294 244
4 2 3
27226 3 8521
3620 6 864 16521
55 1519 3
11 1 6 2886
6 3 7099 14 64
1 6 55 3
11 4 648 6 2 894 135
3560 11 987 26674 40 659 665 6 152 946 3 148 675 9833 492 870 1007 316
11 490 218 6 819 766 258 371 520 521 522 3 2412 2416 738 148 455 137
2 55 1052
11 6 5536
3826 6 77 73
1599 6 2 3 3553
6 3
6
11 1 218 6 3197 361 230 10271 4060 1037 148
11 6 3 7 423
1 3
6 215 3
218 3 8466
11 6 6278 2367 2368 64
4 3
1331 6 590
22650 218 6 1800 83 8650 97 2390 3193 6174 265 7 205 87 1183 6868 27127
1
138 3 6672
6 14463 27024
40 2 378 446
4 6 3
11 6 1514 2889
4 6 30887 2095
11
11 6 3 290 316
11 4 3
6 3 64
656 55
11
4 3 17860
6 303 4982
6 3 13831
82 6 2941 215 278 398 7 399 400 2847 50 1958 8968 891 2858 1775 879 2864 1140 321 73
6 19486 4702 3318
148
69 11 1 40 6 21480 294 64 2219 834 2220 77 737 136
295 2 12001
218 6 7798 233 3390 537 4754 5019 3235 124 132 729 14710
4 6
11 2023 160 6544 7796 6 3387 8059 5642 5922 378 9133 34054 7280 1751 8474 8988 1031 3820 7836 15807 4104 6483 148 8034 4970 6167 316
4 316
11 1 218 6 56 350 303 5102 4586 2070 863 20 761 901 800 358 254 1807 1602 1864 4512 5679 2272 1808 4737 519 2276 772 773 2072 2124 4743 3473 829 5600 102 1716 1036 1477 3638 4597 531 148 438 3822 4604 10915 2826 4667
55
1 22576 39064
2 17887
27 55 1146 6935
11 27 218 40 6 297 548 215 514 526 1134 527 2283 529 1135 530 2284 2160 807 2192 2094 730 278 934 2849 49 205 1958 1960 3923 10923 1507 5184 3925 2995 673 3250 10367 5899 5900 8158 2817 486 2229 148 438
11 8610 27 218 6 4172 860 8790 1839 863 3 7 1050 5142
11 7778 6 278
146 6 16518
3
155 6914
3
218 6 1119 579 598 4516 12 974 5700 283 222 14 95 99 397 104 559 3613 3810 148 2335 2184
576
2247 6139 260 3 73
6 3 316 678 8036 3772
6 4269 10758 3 7
3491
4 3
138
1 6 993 3
11 27 6 3 7 1050
6 6063 3 2226
643 3
11 4 640 27 218 6 2 4266 138 45 83 3 4966 644 64 8109 7 6727 3423 87 13727 77 148 15281 482 2304 316
268 3949 5614 5615 2326 151 2327 507 3156 6430 3212 1451 2152 5287 3594 7430 269 11 987 1 218 314 6 3091 946 5368 2026 2999 510 5432 3483 1564 3257 6411 5873 303 138 10287 5230 1119 762 1981 579 800 1941 361 1690 230 231 233 237 1131 518 520 90 521 1756 777 2403 4750 829 598 1024 1133 4360 588 12 974 1830 4616 1531 373 238 2887 2181 306 3603 1609 6406 547 3206 504 379 159 695 16118 273 294 11836 3 5964 2412 2093 64 12615 2456 7167 3345 6071 4068 4312 5378 2388 848 2371 2980 2422 732 4802 8901 13264 670 7 5177 3638 135 77 148 438 869 461 916 494 3103 2332 2334 144 4680 4053 470 3937 2184 316
11 314 6 8457 3692 294 738
506 2326 4416 11 1 6 56 3385 2072 829 1044 694 1166 294 83 1021 831 1848 832 558 960 7997 135 423 77 737 424 2254 4101 136 1101
269 11 27 218 6 512 64 148
11 73
8026 4241 5406 151 508 269 11 1 218 6 946 4026 3387 253 16419 3606 20 1765 361 2178 2155 1648 2871 8066 306 504 1181 5537 9395 4470 9396 4471 7025 17681 7043 12456 3612 3374 15235 15308 7877 2015 7544 5749 4324 7161 64 13721 5489 3813 4068 670 148 445
11 3589 1 6 3 423
4 22560 3 9025
3
27 6 294
6573 3
6 1885 55 3 7
11 27 17 6 491 134 434
764
6 3 7882 2197
648 6 4422 3
3
1
1997 1 6 14508
11 6 4189 361 3682 2155 3 667 458 470
1162 11 218 6 1913 944 16283 3157 541 882 90 45 1829 6406 567 568 148 316
1164 3 6100 5114
6
6 229 44 378 1570 3330 3236
11 6 667
6 3
6 64
6 845 3
7470 273 3
1524 1 314 6 294 3 11989
6 5646 3 738 678 1817 6168 1014
11 6 31174 3 446 3414 492
6 1593 2 3
1184 1185 1186 1187 1188 1189 1190 1191 1192 1194 1195 1196 1197 1198 1199 1200 1201 1202 11 218 6 12048 12684 4520 6669 902 3 738 148
3
3
1 5216
893
11 3 738
11 6 1917 1808 518
11 1 6 17470 845 21 13427 4335 3214 4705 155 770 232 1710 91 11563 3
11829 16293 3 916
1506 73
246 6 3 15605
6 9971 3
11 6 3
3
2019 269 11 251 987 1 218 657 658 40 3975 659 660 3456 661 665 314 6 271 3385 7409 8058 138 154 1686 229 2377 257 5188 512 1707 5700 694 2330 3 2405 584 64 135 563 424 136 148 667 869 916 494 8460 1009 3145 316
218
4 6 3 73
1057 1 6
3 16601
1 6
6 3185 3 573 916 2332 2251 316
772 2663
11 4 6 2027 215 1808 693 694 11465 102 1612 8511
11 6 93 2169 3582 2409 712 713 716 62 6500 2878 584 64 718 5836 5606 552 1588 729 670
11 6 3
11 6 5043 989 556 5044 303 491 521 522 423 1141 434 469
11 1 6
2
3
3 12828 13991 1067 5014 2448 120 584 64
6 290 737
11 1 14355 6 13059
11 291 6 351 55 1144 83 633 136 499
1525 6 446
21079 13555 3 2061
11 6 537 672 64 136 916
6 6362
1184 1681 3 18009
1 1845 163 677
246 11 218 6 138 83 102 77
11 6 316
9296 20387 21564
7793 152
4 6679
338 27 6 1877 1592 342 11232 4000 1945 820 5040 344 1741 83 7 2847 2850 1498 10926 211 8191 8559 87 5933 1140 2242 3237
1065 3
11 6 3 8737
6 1658 1457 1810 827 3 3959 1816
295 6 14901 3
268 2020 11 640 3321 2316 6543 8609 8626 2023 160 6326 1 218 6 3111 56 2025 11657 4520 4577 3337 762 1681 604 3333 358 2952 1652 2953 537 2886 974 5880 2133 2134 379 14 95 10668 131 64 866 148 787 788 871 877 3879 473
332 218 148
11 1 218 6 5950 5878 2999 510 6063 303 2952 514 1750 1131 5686 882 5687 504 4030 273 1660 1666 3490 1612 2369 148 787 677
1 254
39 11 218 6 537 2420 77 148
1804 10490
6 3
11 27 6 83 7 49 205 2387 321 19707
123
1 6 4058
4 1 3262
3
3
6
1194 1356 1440 1449 1450 11 218 6 27167 3510 55 58 3 6381 148 316
11 40 660 3456 6 215 11307
616 27 1 55 3 5488 933
6 10083 3
6 3 4046
4 28534
13220
1134 3
11 218 6 1464 491 7075 148 434
11 27 6
6 2105 3
6
6 3
11 6 4988 11516 7013 7028 7033 5703 2452 423 136 667 73
11 928 6 3
1 6 3 33940 17658 1101
6 1906 138 3 7 73
11 3 10505
11 218 303
6 9477
4 12548
11 4 987 6 2439 3 185 2769 204 934 7 1773 2234
6 303 2952 1131 3 6864 28 7 1742 32 438 482 2304 2826 316 2307 498
6 3936 3
1 6 205
145 490 14 64 8145
6 3
82 6 3
4 4143 603 1569 1642 6
20980 21679 3 7719
6 555
218 3
6 91 3
11 490 6 3 49
11 607 27 6 694 28 6502 6428 1931 2226 32 2847 6047 4791 37 6090 205 3910 1507 925 3292 2817 8159 421
506 11 1 6 1741 3385 684 5524 3139 1754 2258 2442 20 21 747 1568 2034 363 229 364 25 1693 766 2377 768 368 2952 369 236 237 1652 1132 521 141 5029 260 5376 3123 810 3 438 786 455 870 2333 2819 4046 1011
622 6 89 686 1644 2211 77 3198
6 7
11 6 3 12619
11 14437 2024 3
5 6 2270 3
6 138
1 6 10557
11 1528
2 3
1144 3 5304
6 3 290
11 4 6 3
21240 7
11 6 2 537 3 5977
145 6 590 3 73
1 10357
4 4315 3 1023
3
11 6
11 1 218 6 41 356 46 3 148
4 91 446
6 3
11 1 3 4390
11 27 1 6 841 2835 6620 215 3 2062 7 205 1052 13572 2813 576 29758 2243 1529 321
508 11 6 1808 4738 3847
6 3 7 87 4662 88
11 849 6 3 64
11 25934 6 10146
11 1 6 3510 1144 83 136 1560
6 504
6 3
11 1164 6
6
490 73
4218 73
69 17506 12636 294
11 1 6 3
64 77
324 338 339 6710 11 27 6 3091 55 138 540 512 234 1132 504 83 205 11951 1575 1507 7349 15199 7350 1509 77 737 667 3092 872
4 294
506 11 27 6 1567 3 7 49
1
4 1 3
3
11 1 6 12452 3 1720 787 467
218 6 138 248 2423 8429 77 737 148 667
1 6
11
17 138 3
6 21431 15971 1173
1 73
6 15087 3210
11 6 5254 4008 273 7732 486
4 1105 799 6 3249 5397 7479 6932 3
218 433
4 6
11 4122 4137 4138 4142 603 3779 1997 1 218 6 10963 1888 138 863 357 1535 9799 747 229 1824 364 582 1864 1019 537 969 260 8674 46 8803 83 3 34047 3638 423 424 136 148 18001 1736 467
27 2085 2086 40 659 7974 6 1690 57 364
6 2
20021
11
14192 55 3 7
11 1 218 6 2 16575 148
5528 3588 1569 40 6 41 5042 46
21 3 7 8113 2300 7457 3352 402 897
6 55 3
11 1056 6 55 294 15895 3
11 6 25054 73
506 11 218 6 6178 3514 578 4762 239 1469 8029 3348 7397 242 5537 2005 808 3369 273 83 24922 815 4096 148
11 6 3
82
11 27 1 6 3716 3360 1609 547 3 2977 278 7 4483 6102 1978 211 15011 1775 87 1528 2243 5979 2387 321 77 3721 3723 312 3956 438 73
1352 11 6 138
218
