1 2 3 4
5 6 7 8 9 10 11 12 13 14 15 16 17 18 19 20 21 22 23 24 25 26
27
24
19
28
29
30
31
32 33 34 35 36 37 38 39
31
40 41 42
42
42
43
44
45 46 47 48 49
50
51
51
52 53
54
55
56
56
57
58
59
60
61
62
63
8 10
64
63
65
65 66 67 68 69 70 71 72
73
22
74 75
75 76
30
77
78
80 79
81 82
83
24 84
85
86
87 88 89 90 91 92
93
94
96 97 94 95
79
98 99 100 101 102 103 34 104 105 106 107 108 109 110
104 50 108
50 108
110
111
112
64 113 114 115 116 117
118
119
120
36
16 12 20 15
121
35
35
73
122
43 28
122 91 110 90 123 124 125
126
95
98 127
128 129
130 131 132 133 134 135
78
39
136 57 39
137
138
139
140
144 141 142 143
72 75 145 146 147 148 149 126
146 148 150
20
46
151
3
152
95
92
43 28
153
154
155
155 70
156
157
158 159
160
161 58 157
162
163 164 165 166 167 168
165
169
169
170 171 172 90
80
28 95
173 174 175 176 177 178 179 180 181
88
182 183
184
184 185
186
65
187
188
189
190
191
192
193 194 195 196 197 110
193 198 199 200 186
36
201 202 203 189
182
204
204
205
206
207
208
38
158
209
210
130
211
152 62
212 213 214 215 152 217 62 216
218
219
153
187
172
139 220 189
221
39
224 199 200 222 223
56
152
225
226 227 228 101 229 230 207
207
147
39 231
86
232
111
116
233 39
234
235
161
236 102
237
238
240 239 222 223
228
151
56
43
241
165
242
215
243
232 72
43
22
216
244
245
246 247 248 249 250 126
57
251
252
253
60
60
254
212
256 255
72
257
218 140 245
258
259
98
225
260
155
261
225
14
238
262
263 264 265 266 267 238 27
268
264 267 268
269
270
153 270 271
285 272 273 274 275 276 277 278 119 280 281 282 283 279 284 286 287
288 81 290 289
291
6
39
32 292 39
293
294
295
296
225
297
297
116
97
97
298
299
300
78
301
302
138 303 304 305 284
306 173
75 155
307 308 309
112
232 310
311
312 204
43
298
225
313 314
271
138
161
315
316
317
152
318
114
319
282 263
320
321
322 323
324
240 146
206
325
47
326
46
111
225
327 296 329 330 328 331 47
95
166
332
63
33
251 333
229 101
36
24
24
334
36
225
77 334 335 336 337 46 338
339
340
248 257
175
341
107 341
341
77 30
26
255
50
104 107 108
342 314 78 23
313 14
43
181
343
17
344
161
345
169 346
343
347 348
71
217
293
82
11
301
332
349
300
350
65 67
269
69
248
136
258 39
39
352 353 117 351
241 322
40 151
354 355 356 322 357 358 40 4 46
67
25 14
161
161
359
360
361 300 39 111
362 363 364 365 315
368 340 366 367
95
52
68
290
369
321 129 370 371
372 373 302
374
376 375
162
162 14 79 80 206 379 23 377 378 187 380
266 381
217
279
24
19 14
115 220 319
109 61 382
152
43 383
36
251
87
211
384 385 211
386 387
301
388
33
282
60
88
263
389
390
391 392 393 394 86 158
391
392
353 262 269 83 343 154
372
161
236
395
181
396
206
398 277 397
397
399
400
110 401 402 188 93
153 403 188 332
304 138
232
404 46
24
405
406
407 169 73 51 405 406 55 408 409 189
169 410 411 55
120 189 318
51
153
95
369 274 412 413
416 414 415
104 106
417 418 419 218 95 383
320 388 420 421 422 339 349
408 407
290
61
187 79
44
424 423
425
425
425
81 47
96 417 419 426 43 428 427 429 430 235 431 110 432 218 59 317 94 95
398
294
433
434
435
257
33
80
436
437 39
161
405 406
87
432 14 263
181
433 185
438
225
78
78
78
94
241
21 95
439
114
440 441 117
442
442 390
442
67
181
443
77
413
388
62
62
62
251
242 309 54
29
112
262
249 44
22
444 189 445
153
448 449 450 451 389 117 219 446 447
14
410 405
153
243
161
30
388 262
435
339
153
452
29
153
447
190
432 453
451
451
50
212
13
112
287 454 455 456 383 43 210 28 95
14
19
457
458
457 458 459 460 461
344
115
116
86
356
382
361
445
90 172
221 462 463
464 465
384 320 45 46 48 49 466 467 468 469 470
472 299 125 471
435
97
371
361
36
473
155
72
469 295
61
206
61
26
370
442
194 195 196 197 110 401 402 474 475 476
477 478
196 198 360 461 110 479
480
481
482 204 47 208 53
214
297
80
483
214
78
485 484 284
36
36
212
296
486
486 487 52 436 121 60 31
91
452
245
219
202
393
42
29
370
290
318
488 489
153
480 14
480
272
43
490 395 82
35 37
50
41
67
360 491 492 460 461 110 479
441
459
438
206
259 467 438 443 191
23
242
60
493
35
494
425 374 119
246
379
26
227
187
187
176
352 353 495 496 497 498 252 253 351
166
344
28
499
238
216
435
501 307 500 244
438
173
19
114
437
43
56
13
122
189
296
293
480 59 419
97
294
152
290
262
257
19
136
502
290
503
138
236
504
379
206
187
87
82
177 174
177 291
505
506 124 63
303 95
57
87
245
107
434 344 505 507 508
413
83
394
413
28
29
94 502
308
87
292 174
271
332
413
453
79
234
293 234 141 142 143 144 81 442 509
6
14
112 510
400 512 511
513 358
14
480 280
487
187
187
236
346
161
161
289
85
396 316
78
262
100
514 515 156 254
514 515 297 309 316
316
70
97
516
274 516 413
442
442
44
160 517 518 519 23 183 348
375
520 495
99
2
417 418 260 424 521 522 523 140 110 376 95
481 362 524 525 364 365 526 527 508
52
153
153
233
97
528 481
365
405
529
530
192
530
168
11
60
390
126
41
417 419 490 140 110 432 531 532 85 118 533 59
5
320
494
112 435 310
435
310
169
530 534 278
444
287
153
380
321
261 263 167 137 432 119 277 535
257
379 380
378
315
221
300
356 294 399 243 151 29
301
203
416 333
416 251 311
97
290
110
515 309
514
156 309 254
40
153
227
324
271
484
114
313
370
1
332
536 537
155
63
86
315
56 345 538 77
396 517 503
468
349
130 131 132 134 135 494
19
385
87
342
82
11
460 110
539 110
58 110
110
540 110
52 439
262
24
14
31 487
398
53
157
104
259 452 173 467 541
541
248
248
199
378 379
378
43
50
387 68 71 72 368 536 537
189
542
509
535
114
28
217
515
22
116
204
160 347 326
326
544 266 235 110 543
112 46 334 545
373
166
512 513 256 133 525 400 529 404 415 160 546 547 548 549 550 551 47 308 185 473 352 359 489 499 511
153
251
474 493 190
501
19
324 519
112
227
171
399
300
265
298
271
