1076
1
376
772
164
1 783
250
1653
301
1183
1653
1183
687
250
772 854
986
892
165
376
1524 1279
986
165
1374 1279
1561 301
1420 772
486
1653
376 782
1653
486
1390
986 1319
772
892
1078
3
486
1525
1184
1184
81 1453 622
82 1014
250
377
1391
3
587
587
1653
587
3
1280
301
377 644
167
1184
772
772
868 772 780
1078
83
587
1078
986
938 486
1391
892
1391
1273 690 1301
1184 377 946 603
83
728 301
377 1476
3
1391
301
986
1655
1756 1655
83
1184
1251 772
377
1281
301
1281
772
1393
1528
84
167
544 5
1081
341 167
1185
692
1656
1656
892
1528
167
488
1528
301
289 5
301
1282
250
1283
591
1185 1365
489
1394
1656
1394
1185
1081
1185
1458 1283
1283
692
167
591
1656
1284
490
1185
1394
1562 84
1656
250
1185
986
302
251
490
809 380
1185
1532
986
1081
986
1082
302
5
1532
84
592
592 1711
1394
1383 809 620 592 1047
1532
995 1285 167 1449 913
894
303
491
592
1185
1286
6
380
1394
167
1656
167
986
1083
1698 1347 1060 1483 1274 380
167
1186
1656
491
380 1004
380
592
168
7
168
380
1534
168 567
304 505
305
254
1656
772
1096 987 1095
1534
895
1187
85
1534
694
1394
1730 772
895
305
85
168
380
1187
305
1187
695
255
85
1084
306
988
492
1656
1288
1656
773
1339 380
436 380
895
380 1375
255
1085
1656
1291 774
1288
1535
1187
1288
775
688 9 1338
1536
85 1718
381
1656
1187
352 170 1012
775
255
1187
307
1187
493
381
9
1708 880 1137 307 1395 666
990
1394
1656
1086
308
897
493
170
1086
1696 595
1188
1537
308
308
493
381
1086
85
1288
9
1537
674 596
1658
897
596
255
381
777 961
85
381
493
990
990
897
1189
698
1060 255
898
381
698
1658
990
1658
1190
493
171
171
1394
381
1658
698
308
977 698
171
255
1290
1394
381
85
699
1658
899
308
990
899
899
381
381
1193
171
1537
1494 990
900
1194
1537
493
171
1450 596 718 1666
493
86
86
1396
699
308
86
596
900
1194
699
900
381
171
780 839
888 381
1088 1169
255
1088
1088
900
990
596
699
1088
255
596
87
1292
1539
700
493
1292
1661
1399
990
493
309
493
780
700
780
1399
1195
901
1661
493
1661
700
901
780
384
1195
384
1399
385
171
1294
1196
780 1214
10
991
1196
493
1662
493
493
1061 10 1484 1456 405 1561 1020
1081 10 1026 666
700
1197
1663
1537 386
992
10
1673 87
1399
493
1473 202 11
1400 1414 1623
901
1541
1295
387
493
255
255
1091
1663
387
310
255
387
781
388
1091
1401
1091
88 592 363
171
1663
494
1198
12
740 567 311
1402
1541
1092
1296
1212 494
1092
1664
1284 701
88
312 966
901
88
389
992
901
495
1403
1199
1296
901
992
171
992
599
88 738 1494
1199
256
171 1319
992
1199
171
389
992
256
1200
1200
89
1296
781
1296
1665
786 702
1404
1404
1093
901
12
702
392 12
1297
12
12
256
1200
314
1298
1542
901
12
495
1298
507 495
1406
1200
495
1665
1042 1229 702
1665
602
602
703
1200
1665
1200
1094
1665
1200
1665
602
1544
602
1406
496
901
90
172
317
1210 602 943
13
901
602
704
704 1742 1486 870
602
390
1094
901
92
13
13
997 13
1666
603
1407
317
1640 1418 1251 782
172
1261 13 142
258
902
1666
1200
391
1347 1532 13
1666
1697 902
1094
992
992
258
1667
1433 603
1667
1298
1200
1546
92
92
869 318
867 318
496
1409
1200
1200
14
1552 14
705
992
903
992
392
992
318
392
14
173
603
496
93 1662
603
992
1095
258
903
1668
392
1095
1200
706
903
823 783
496
496
1668
783
1668
1409
903
104 14 912 188 1692
1409
1668
496
784
1095
783
1720 1325 1095
392
173
392
706 1306
1095
173 999
785
261 941 434 93 573 1662
992
992
1200
992
259
14
1200
1669
1200
1716 94
992
320
1547
626 1123 173
259
547 94 1031
1669
320
603
499 1692 14 1455
839 173 718 851 918 1399
903
320
496
1409
1548
786
174
903
497
1548
259
174
320
497
320
786
600 1019 95
992
1504 1225 394 1673 1593
260
1301
15
95
95
903
708
260
174
992
260
709
603
497
709
1548
394
1410
260
320
95
16 1098
903
1411
260
174
395
992
787
1549
1671
174
1110 589 174
1541 903
710
992
320
1200
903
710
320
1411
395
16 1252
16
903
175
787
992
710
603
320 1347
1201
992
1551
1202
603
1497 603
1101
1274 1325 710
904
1411
710
1304
603
498 931
1551
1411
261
396
1551
789
1202
872 17 344 891 927
1202
1202
789
498
1411
635 175
992
321
1202
175
396
1551
789
711
1552
1552
322
261
1673
1552
1552
396
1304
790
1281 322
1304
1202
606
1093 262
1412
1304
1520 498
1248 262
176
1102
1552
262
1102
1102
1412
712
397
18
1553
992
96 697 1452 551
712
607
1304
992
607
1202
119 1557 63
177
323
498
498
1103
97
608
712
498
1203
1203
1413
323 868
907
399
793
1414
323
793
498
1414
993
993
608
713
793 982
793
1656 793
1306
1414
786 262
592 1468 1228 262
1554
98 1573 1225 1451 207 254
907
262
324
1673
608
324
608
608
714 1063
714 1540
1674
1103
400
715
1307
1674
608
324
1104
907
1204
179
1674
324
1674
99
796
1104
324
994
1555
1307
1204
99 341
306 179 330
19
716
994
1556
179
1205
716
325
500
716
1417
19
325
263
403
994
1557
801
716
1210 19
801
130 99
1410 99 1741 575
263
995
99
403
716
595 99
1309
263
801
801
1418
1205
1558
1418
1205
263
325
1321 1635 501
263
1205
1309
99
1558
1537 403
1309
716
1309
1466 996
1418
1677
403
1205
610
181
19
181
403
716
1106
263
716
1309
913
100
1419
801
403
1419
502
1206
1309
1107
1558
1309
403 1310
403 1203
1107
503
325
1558
1602 1108
716
1206
403 663
1309
1309
1206
1420
181
1558
913 995
1108
1559
728 403
882 101 647
504
999
999
802
1420
263
914
1114 611
999
914
999
914
325
404
404
325
1206
1679
1109
1309
914
263
504
263
182
803
325
1679
803
1206
1309
1309
325
19
614
1206
19
497 475 182
1559
504
102
803
716
999
102
1559
1110
326
326
716
915
183
586 405
716
405
1309
1280 1600 1124 103 1708 1199 1137 1429 727 1722 766
1559
1545 1108 326
504
999
184
615
504
716
999
1206
185
916
1111
1309
504
716
916
265 1355 973 1678 943 626 1467
1309
1559
999
1424
1111
1309
916
104
504
19
716
504
616 1214
1112
104
1112 1347
1683
1559
1559
406
327
857 265 898
916
406
1112
265
1559
1049 916
328
104
1112
19 389
1208
19 1685
1425
265
1208 1265
1309
1559
1683
616
716
105
105
616
328
1559
1555 406
1208
1208
1425
504
504
1208
105 951
1683
1309
105
19
617
1425
1272 105
917
1309
265
617
1112
803
1294 407
265
617
1425
1559
1309
1559
19
1559
803
1208
1234 188
266
1559
918
803
106 963 586
1425
19
1309
1684
504
19
106
330 434 530 760 1243
803
19
266
106
188 781
304 19
1208
1309
1559
1559
1112
1210
1559
107
19
1309
107 772
1185 331
1425
610 1578 107 300 1708
804
1425
1425
1112
188
918
409
716
618
409
188
918
107
188
618
722 20 951
1559
1112
618
1685
1309
1002
1309
409 1559
107
21
716
1113
806
107 1244 1565 1718
920
716
1686
716
618
716
1003 1740
1309
505
1003
21
188
716
409
333
1210
505
920
806
107
1114 1338
333
1427
334
716
21
921
267
334
1559
506 662
921
401 1476 21
1417 506 942
267
334
1331 188 325
806
1687
1559
267
107 237 981 632 1565
288 1666 21 1294
1116
21
807
1116
921
1687
1310
1003
1310
1559
619
1701 807 1033 1389 1614 1741 1148
267
506
1210
716
21
1687
1117
1210
619
507
409
512 267
619
335
1310
660 189
1004
109
619
109
1114 1294 335
619 1715
1559
1004
1758 22
1689
1222 905 1484 109 1007 466 1459 980 1270 151 475 542 1631
267
1559
1210 22
716
629 1076 109
1559
507
507
922
22
716
1559
409
1004
1689
619 1252
297 267
267
110
1689
1210
507
1210
809
1431
110
716
1265 1117
1559
1476 190
190
1310
1689
1210
1234 1004
923
1210
111
1635 190
1117
1117
337
290 111
1117
410
716
268
1310
410
1004
1691
1094 903 724 597 1622 507
619
507 1709
190
716
1362 619 1557
619
716 111
1004
269
1004
1560
22
626 620
1138 269 806
1004
111
1312
1433
190
1004
1312
1312
596 22
269
1561
1561
1693
1433
926
22
1693
1433
1004
1004
1672 1210
1635 620
1004
851 269
410
190
1290 620
111
1552 338
1312
22
1210
927
1435
1563
338 524
111
927
622
1565 190
810
622
22
1563
339
272
511
1119
986
1004
1004
1210
716
1210
927
1314
622
716
622
1210
22
1004
191
928
512
956 22
412
928
1120
928
497 1437 22
1697
1211
191
1120
716
1565
1565
1004
1211
928
1211
111
512
1120
828 22
274
22
1120
813
111
22
1436
716
512
623
512
341
1568 1565
928 1263
716
1315
413
22
1698
1212
274
22
1120
1120
1212
1212
1698
112
1316
112 1005
512
341
341
928
1138 195
1436
113
1120
513
1006
1317
716
813
605 415
1121
814
513
716
1121
1567
1006
624
1121 1187
1318
341
1699
1699
929
1568
1437
716
514
716
341
1437
1007
815
1699
1318
515
1699
195
815
515
22
625
515 701
929
1700
341
1122
1122 1549
1122
716
930
416 932 1166 793 701
1123
516
341
416
1569
195
803 716
1701
1701
930
625
196
341
341
1202 114 396 142
815
716
517
815
341
625 700
625
1123
277
277
22
1702
22
418
1123
1571
341
716
1682 716 341
196
277
1703
277
1214
1703
1572
1214
930
116
716
518
1008
196 1012
341
418
1023 815
1319
116
1008
815
815
1572
1214
1123
1705
1439
341
196
716
1439
1319
519
1214
1698 341
1008
1123
716
816
22
419
1008
117 262
1319
22
1123
419
278
1441
1441
117
341
196 1318 468 501 1173
1214
196 703
931
818
716
341
931
818
1124
341
520 1665
818 1422
1319
117
626
520
1319
1442
1096 931
520
279
1706
840 419 1718 1391
1125
341
820
1125
1208 196 365
520 1635 950
107 1684 22
419 1565
118
279
118
1443
716
196 1253
341
419
627
1572
22
520
1214
1708
22
716
119
1708
1443
820
820
1010
1443
821
1608 196
1319
1010
420
1572
1319
1214
341
1572
716
1709
1214
1214
1572
1572
1214
1011
521
1709
23
932
521
421
1709
198
371 23
341
629
1572
1011
281
1572
1709
1445
1011
1319
120
716
521
1127
1446
281
422
716
120 1369
1216
282
24 809 295
24
341
422
1319
716
1320
716
198
1129 1334
933
1129
1320
1321 1355 1333
933
341
1129
121
24
422
716
24
1011
341
632
632 1620
422
933
632 1679
1321
521
1572
1218
1129
122
24
422 1463
1321
282
716
1572
200 1476
521 1183
1713
934
1572
634
1451
934
934
1714
1323
825
1130
1323
521
1451
24 288 999
1323
341
24
200 737 1270
934
716
826 1405
826
341
1130
1331 934
1324
341
716
200 466
24 666 684 1237
635
748
1130
934
635
123
1715
1325
635
1572
1014
1220
716
635
283 943
123
425
522
26
1130
522
1130
1572
1325
1532 1015
522
1572
1220
124
341
124
1325
522
202
1716
635
522
1716
716
934
716
124
1451
202
27
636
285
716
934
1325
1136 27
1573
426 1452
124
828
1717
341
1220
1451
1451
1325
285
1573
285
716
341
638
1451
341
1325
716
203
1325
1131
934
638
1017
1325
523
934
828
286
1575
28
1221
1752 138 28
203
1718
1592 717
427
1576
934
717
286
524
1222
1325
286
1132
934
717
286
1718
1718
1577
1618 203 893
1132
829
1577
427 1164
1718
1389 1373 1223
525
1325
717
1133
1133
286
1224
341
428 446 1679
1577
830
203
341
830
638
280 1217 29 1728
1020
429
1224
1224
1224
935
29
1578
935
1224
1325
831
935
1451
1134
1578
1224
1224
363 29
717
1578
203
30 903
1578
717
203
640
126
1325
126
126
1325
640 1190
126
530
640
937 1177
1452
1444 718
1456 1098 702 430
937 1515
1452
31
126
1136
1720
1021
126
833
1720
126
1224
341
1136
126
718
833
31
833
126
938
1580
32
1137
938 1741
32
1722
1325
341
1722
1325
203
432
126
938
1138
1225
1526 719
203
1225
1442 834
1325
341
834
834
1022
700 287
287
641
33
1226
1105
835
1325
719
1724
719
126
641
768 204
432
939
432
1583
641
1725
1228
1725
641
126
1725
1228
940
288
1725
433
433
1325 1655
1325
341
1228
1325
1325
1325
533
1228
1138
836 1399
569 205
466 434 771 1270
1726
533
34
205
288 300 958
1506 1325
720
341
1454
126
1325
1025
1454
1726
941
1325 838
435 1679
534
35
720
1139
1726
35
1025
941
341
1139
838
1586
1025
1229 1711
838
642
1025
1520 1139
208
1025
1139
288
941
1230
839
839
891 644 1718
536 801
1139
536
1455
1588
644
1588 36 958
941
341
130 36 779 878 1234
536
536
536
644
839
208
722
772 644 717
1329 1491
536
341
209 1118
1728
37
536
1142
1329
1728
1040 37
1588
1142
1728
941
341
1456
1329
1142
1232 1348 1556 1677
722
1026
536
209
1456
439
341
1456
341
439
1232
536
1232
1142
1456 1585
439
585 126
942
38
1458
126
1458
439
1143
536
536
1027
1027
536 1170 864
210
1731
536
1233
341
840
722
1027
1027
1233
722
1330
38
1722 211 1741 879
1590
644
1459
536
440
1330
943
440
644
211
211
644
943
1233
1155 1028
1233
1460
1144
1028
1460
722 1588 1631
1028
1028
644 1031
842
211
644
1144
1331
290
943
1145
943
1145
1734
341
1462
126
646
290
1735
211
341
290
1234
1234 1325
40
843
1462
1669 646
41
290
1031
1234
843
1145
943
723
1594
1031
1145
211
1594
843
1145 1317
211
943
1146
1234
723
1594
1234
1331
1736
126
212
42 658
1595
1147
1736
1147
1331
723
1234
1595
442
1234
341
1148
1736
538
341
1736
127
1593 1101 213
1462
177 127
1331
646
646
724
1148
844
724
1148
290
1596
127
1753 127
42
1737
127
443
724
1331
1738
1148
1738
724
1149
1498 127
128
1331
1331
290
1331 733 215
944
128
846
846
1331
1643 445
1462
1598
342
724
1598
846
1234
43
43 147 997 158
944
43 717
1150
944 1462
1462
846
1332
1598
129
647
1035 1636
343
724
129
1462
290
724
1332
1739
1314 1322 647
1234
1599
290
1462
446
648
216 252
290
1462
343
1036
1739
1151
216
1332
1332
648
216 1491 1415
129
216
343
846
999
129
1740
1740
656 44
1462
724
446
632 1066 446 1728
1332
948
1312 540
649
592 44
1037
1331 540 1451
1601
1484 540 1302
344
216
1153
1332
216
1601
1463
1332
1332
1450 847
129
1154
1740
1332
290
1463
1236
650
446
541
290
344
1740
541
848
1602
725
848 1553
1602
1740
344
1237
651
1464
217
290
1332
290
290
1237
1602
1603
848
344
1048 1235 542
290
129
448 1631
951
543
1666 392 1513 1256 218 861
1603
1237
1465
653
1026 653
346
849
1237
1465
1741
973 951
1237
849
544
1332
727
1604
655
290
1238
544
450
1154
656
290
450
728
1332
1154
1604
1154
1154
544
544
130
220
544
1248 130
450
1466
450
656
1039
450
290
728
1743
130
1606
1743
451
728
290
1110
657
130
728
45 934
290
952 1494
290
1240
1333
952
952
451
1155
1451 1039
45
220
1039
1607
1607
1467
1155
220
130
1241
1744
1608
1608
1608
290
850
290
952
1467
1608
728
220
1039
1604 1334
451
46
1608
1334
130 574
130
220
451
1468
1334
657
850
1039
657
1334
1243
451
1608
952
1243
1608
1155
952
1243
850
220
1155
952
1745
546
290
728
48
1155
451
1609
290
130 627 884
657
451
546
1155
1334
1039
850 957
1243
1334
728
658
290 716
728
952
728 939
48
351
1334
658
1039
1244
1610
1610
1610
658
48
220
1610
1155
1039
1472
1472
1244
728
1745
351
1745
451
1155
1745
1705 1611
451
1745
1563 1244
130
451
986 290
547 1195
1472
954
1745
1745
851
1334
1040
954
220
1244
954
1145 548
660
728
660
130 1606
451
1613
1041
1155
290
1745
1745
1334
1041
251 220
1244
851
1244
351
1042
290
1614
1334
1042
1155
290
220
1335
955
290
1614
220
1746
1475
49
1746
220
1042
1747
49
852
1245
955
852
1615
728
1042
955
1042
1615
549
451
1336
1245
49
1281 549
1155
351
220
290
1748
50
1042
1155
1155
853
351
728 973
956
1210 1042
1155
50
131
1338
220
1042
1476
1246
1619 550
1615
1749
1616
1616
1155
957
854
290 366
1246
352 1547 1663
1609 1246
1339
51
352
1043
51
290 132
1339
728
290
353
132
1616
290
353
1043
455
1043
952 854
1476
854
1004 661
1044
552
552
1616
661
552
803 220
1282 51 1476
1750
1340
574 134
1044
661
1155
854
1155
455
1616
1476
1340
728
728
1155
290
552 890 1331
661
1617
290
1155
1155
1751
456
290
1045
1246
1603 1046
1751
1476 1479
1046
1341
1342
290
854
52 1149
1751
1046
1751
1342
220
957
290
53
661
456
1617
53
729
134
1248
1751
1618
134
554
1249
730
1618
724 134
1619
661
958
290
1752
290
958
456
1047
356
135
555
1169 1261 855
1619
1619
290
456 594 1285
1156
1345
356 720 1300 598 1630
457
1156
290
661
855
1156
356 1174
1619
1345
1481 356
1156
1251
661
53
1476
855
457
292
661
1048
1754
290
731
1755
136
958
136
1619
555
290 220
555
290
1049
136
136 1481
1619
220 1559
805 679 780 565 53
357
136
662
1251
1346
1619
1049
1756
856
1619
960
1476 1679
1346
136
857 963
1346
556
1158
458
1251
1251
1675 1158
857
357
53 255
136
1346
459
1346
663
459
1756
358
733
1251
1347
1050
1050
137 1689 1557
1050
290
1620
556
1347
960
359
505 1253 54 1167
1322 223
781 359
1051
54
733
960
1251
1756
459
1347
137
1756
663
961
1756
223
1022 359
733
137
1476
1477
292
460 1615
1052
1347
1620
1347
359
137
556
1251
359
1251 1558
137
1479
1053
137 1548
1480
55
1251
224
1251
859
733
460 1004
556
859
1160
1160
1621
55
224
224
663
1251
961 1108
663
1160 1541
294
1481
1053 1318
1160
1160 1202
859
1277 663
1481
1160
1481
1622
294
294
1481
55
1347
1160
1347
1481
1251
359
1054
224
962
1251
55
1251
55
150 55
1054
860
558
806 1422 462
55
96 1620 55 413 159
1160
294
1218 294
225
1347
1160 1494
55
463
1481
1252
55
1454 182 55
1252
663
1252
359
1347
359
736
138
560 1286 1046 1054
1160
226
1252
861
1160
1060 582
736
561
1348
1348
561
1160
226
1348
1252
359
561
1627
963
1483 359
1056
56
138
562
138 860 973 1462
295
862
465
359
736
56 497 510 1200
664
56 1296 298
928 138 1130 973 851 666 511
227
736
1348
465 1451 710
1628
360 409
138 498 469
465
1161
863
1056
963
736
736 1525
295
562
562 1095
963 966
664 944
1244 227 1068
227
296
56
737
1138 963
1161
1254
227
1254
466
296
1483
1630
360
562
1056
864
1483
1348
227
1348
56 1112
1161
864
1254
1254
1484
963
738
56
297
297
1630
227
227
864
466
1254
140
1630
666
360 1129
56
56
297
1254
964
864
565
1161
1630
1484 1631
1485
964
738 979
957
56 538 623
964
140
1350
739
1056
1485
1057
297
229
297
964
1630
1473 466 747
1057
566
666
229
1350
1057
1256
1256
566
229
666
297
1256
1161
466
666
1486
740
1351
865
229
361
297
1256
1057
1631
467
1631
666
1700 1631
966
148 301 142 167
1352
865
865
1352
229
229
1180 229
361
567
1058
142
57
1163 1243
57 1123
967
967
1353
297
1631
142
1163
1631
1202 1059
362
1354
468
1256
1160 1059
1163
1631
740
142
468
568
142
740
57
57
569
667 678
297
469
1060
232
569
867
968
742
1632
1129 363
363
297
1489
1632
1163
469
1060
969
1163
1632
969
143
1120 667
469
1246 143
1163
569
233
969
1258
1632
1259
1632
469
1163
1491 1598
469
1632
233
1061
979 868
1061
1491 1734
58
1061
1061
1061
297
58 134
1259
144
1358
363
1492
1061
1259
297
669
669
58 227 1187
1061
58
669
1492
570
1061
1165
297
1260
1634
868
58 322
742
145 1331
970
234 236 719
970
1360 1476
469
868
1634
469
1166
363
1061
363
297
469
297
1299 1214 1166
363
297
234
469
744
59
670
670
469
744
234
999 1225 1513 1546 1040 59 828
1493
59
297
1361
1635
1062
1493
1237 870
1261
745
744 745
1062
1062
147
1261
870
469
870
1328 1053 670
970
1635
970
148
1635
1658 1635
1168
971
234 290
1062
671
671
572 1245
234
61
699 671
470
871
572
148 1349
235
1494
363 1636
1361
1132 871
297
363
61
61
1494
973
1205 871
1169
1062
235 1636
148
973
297
1636
297
235
872 979
574
1062
149
297
1263
471
1263
297
748
673
297
297
1263
872
235
149
1263
235
472
235
63
872
297
297
149
1495
1476 675 380 149
1361
1495
1169
235
1169
574
1169 1420 1431
363 958
297
364
297
872
1361
1495
1361
1228 364
235
1496
1497
1062
1062
1497
1062
1497
1497
1062
1062
751
872
472
1361
235
65
65
1498
1169
1169
752
297
472
928 149
1263
1498
1636
872
666 235 1199
753
1169
1636
973
1169 1620
1062
1498
674
973
674
753
1062
1636
1498
149
873
1062
1263
1237 575
973
297
873
1361
1637
873
1361
973
753
149
149
149
1063
1263
66 915
973
674
1637
472
472
973
366
1500
1169
575
674
874
973
1072 874 1325 1438
1638
1117 237
1169
575
754
67
472
754
973
472
366
1639
1061 173 1456 1744 149
755
149
1066
874
472
298
366
1362
472
68
755
1170
472
1639
875
1264
472
1264
472 1309
1066
1500
69
675
577
1363
577 742 1130 778 827
1639
1170
675
876
755
69
1170
1229 367
366 150 1615
578
995 839 1650 1141 150 1079 1718 732
1067
1363
675
578
69
675
372 69
1500
876
1363
1363
1364
858 755
1364
1182 150
876
1265
675
472
1068
70
975
150
1069
1364
151
1069
1170
70
888 70
151
675
1365
626 580 1221
298
298
240
240
1501
1639
675
1365
240
1639
472
1170
756
1502
1639
1265
975
298
370
1502
975
151
472
756
879
1170
1502
879
914 151
298
1366
370 541
1502
1639
1266
298
1331 758
152
1366
1502
1069
1267
371
1366
1639
71
675
1635 1366
1069
1503
975
1264 758
371
1366
1639
1639
1267
759
976
72
976
1267
582
1267
371
759
240
1069
1069
582
978
582
240
475
1268
1187 475 941 1270
72
1642
1173 1687
582
1505
760
1268
1642
724 582
1268
677
1173
1369
72 1649 1476
677 1718
1173
475
1069
240
677
155 1683
1173
979
1069
1642
1369
1173
1069
1069
1642
1642
1506
1642
1173
760
241
1385 882
1269
1069
1512 1269
241
1370
72
1506
72 1008 403 1679
979
298
371
298
1488 678
475
979
1270
241
1644
1506
1506 1629
1069
156
1371
1069
371 1251 695
679
475
434 242 1424
1069
1270
680
1506
156 774
1270
1644
298
1372
298
1186 371 471
1644
156
1644
242
72 585
979 1415
371
298
1173
680
242 301
72
680
475
851 156 190
156
1645
371
1031 1418 1420 603 476
583
583
156
72
243
1173
762
1271
884 1036
1645
1373
1659 1510
243
884
1645
884
72
1373
584
1272
1596 1373
244
584
1645
981
1645
72 1196
680 702
1272
298
1272
1272
244
1173
371
763
371
1511
1645
1374
1272
585
1512
245 1599
1512
245
1273
157
1512
476
829 569 379 245
298 1155
1174
371
157
681
1069
1069
764
1647
1069
1069
888 1467 943
1375
73
1174
245
298
1273
673 298 619
1512
477
1648
619 245
256 157
298
1174
982
1069
395 246
1273
1513
1273
477
682
585
298
246
1174
246
1069
298
1273
1649
767
246
1273
1174
1649
73 243
158
1378
477
477
682
682
372
1426 1757 158
298 934
767
246
982
585
585
1649
982
73 851 1220
982
667 477
1515
158
982
982
888
74
372
478
683
683
298
1649
585
1418 982
585
372
982
478
1649
1516
372
1089 805 659 985 158
768
889 1476 908
1177
1177
1379
74
890 1462
159
246
1177
982
479
585
1517
770
644 1575 1192 1004 1170 372 507
683 1004
372
76
683
1649
1379
299
1649
1379
1728 479
76
1072
76
1178
1380
480
1518
1274
1519
77
1274
77
1274
1072
890
247
772
683
890
1274
1650
77
1381
160 1264 958
247
982
481
160
585
1520
1381
1274
1520
1274
1072 585
1347 891
982
1520
1274
1651
482
983
891
248
79
1652
1274
79
983
1382
585 1580
1382
79
373
79
1274
249
585
1274
161 1325
483
483
1653
249
772
1074
1653
249
1074
301
1608 684
772
375
162 486 203 1273 1050
301
1384
1181
1274
1520
249
162
483
1520
772
1181
250
301
79
1360 891
684
1274
984
484
301
984
1386 1443
1075
585
685
1275
1386
1275
1275
301
375
585
1263 375
585 780
1512 163
484
301
1180 484
1276
1683 1276
1521
163
1182
163
1276
686
485
250
1277
301
1653
1277
1388
486
986
1076
376
585
